start,end,startime,endtime,traveltime
oltorf,benwhite,1496581674,1496581765,91
oltorf,benwhite,1496615944,1496616028,84
oltorf,benwhite,1496582349,1496582463,114
oltorf,benwhite,1496582229,1496582419,190
oltorf,benwhite,1496594946,1496594978,32
oltorf,benwhite,1496612089,1496612111,22
oltorf,benwhite,1496575751,1496575926,175
oltorf,benwhite,1496579017,1496579126,109
oltorf,benwhite,1496587516,1496587572,56
oltorf,benwhite,1496581489,1496581568,79
oltorf,benwhite,1496592394,1496592533,139
oltorf,benwhite,1496570947,1496571014,67
oltorf,benwhite,1496584177,1496584223,46
oltorf,benwhite,1496586194,1496586367,173
oltorf,benwhite,1496577092,1496577249,157
oltorf,benwhite,1496591316,1496591323,7
oltorf,benwhite,1496579122,1496579146,24
oltorf,benwhite,1496578489,1496578501,12
oltorf,benwhite,1496599248,1496599346,98
oltorf,benwhite,1496577595,1496577679,84
oltorf,benwhite,1496581612,1496581659,47
oltorf,benwhite,1496613015,1496613088,73
oltorf,benwhite,1496585346,1496585409,63
oltorf,benwhite,1496596931,1496596966,35
oltorf,benwhite,1496572121,1496572181,60
oltorf,benwhite,1496615355,1496615454,99
oltorf,benwhite,1496614080,1496614276,196
oltorf,benwhite,1496568400,1496568499,99
oltorf,benwhite,1496596303,1496596387,84
oltorf,benwhite,1496576343,1496576344,1
oltorf,benwhite,1496583460,1496583562,102
oltorf,benwhite,1496598124,1496598276,152
oltorf,benwhite,1496580836,1496581000,164
oltorf,benwhite,1496577662,1496577754,92
oltorf,benwhite,1496591136,1496591267,131
oltorf,benwhite,1496580298,1496580445,147
oltorf,benwhite,1496597399,1496597406,7
oltorf,benwhite,1496614208,1496614293,85
oltorf,benwhite,1496611267,1496611449,182
oltorf,benwhite,1496572337,1496572467,130
oltorf,benwhite,1496610602,1496610694,92
oltorf,benwhite,1496578598,1496578684,86
oltorf,benwhite,1496586727,1496586809,82
oltorf,benwhite,1496581443,1496581604,161
oltorf,benwhite,1496601138,1496601291,153
oltorf,benwhite,1496618109,1496618187,78
oltorf,benwhite,1496577739,1496577765,26
oltorf,benwhite,1496578880,1496578973,93
oltorf,benwhite,1496581130,1496581139,9
oltorf,benwhite,1496591477,1496591490,13
oltorf,benwhite,1496596927,1496596954,27
oltorf,benwhite,1496568624,1496568670,46
oltorf,benwhite,1496607934,1496607947,13
oltorf,benwhite,1496585905,1496586076,171
oltorf,benwhite,1496611566,1496611691,125
oltorf,benwhite,1496578236,1496578352,116
oltorf,benwhite,1496587453,1496587646,193
oltorf,benwhite,1496617323,1496617415,92
oltorf,benwhite,1496601441,1496601597,156
oltorf,benwhite,1496581268,1496581439,171
oltorf,benwhite,1496616425,1496616533,108
oltorf,benwhite,1496613344,1496613483,139
oltorf,benwhite,1496616598,1496616791,193
oltorf,benwhite,1496604678,1496604751,73
oltorf,benwhite,1496575749,1496575912,163
oltorf,benwhite,1496594020,1496594155,135
oltorf,benwhite,1496589644,1496589808,164
oltorf,benwhite,1496578746,1496578800,54
oltorf,benwhite,1496599323,1496599331,8
oltorf,benwhite,1496617812,1496617818,6
oltorf,benwhite,1496608361,1496608540,179
oltorf,benwhite,1496571406,1496571516,110
oltorf,benwhite,1496571405,1496571531,126
oltorf,benwhite,1496603510,1496603698,188
oltorf,benwhite,1496580775,1496580899,124
oltorf,benwhite,1496602419,1496602434,15
oltorf,benwhite,1496585644,1496585657,13
oltorf,benwhite,1496596257,1496596329,72
oltorf,benwhite,1496612332,1496612521,189
oltorf,benwhite,1496571223,1496571360,137
oltorf,benwhite,1496598216,1496598342,126
oltorf,benwhite,1496617559,1496617643,84
oltorf,benwhite,1496600241,1496600341,100
oltorf,benwhite,1496580972,1496580980,8
oltorf,benwhite,1496598083,1496598276,193
oltorf,benwhite,1496572844,1496573029,185
oltorf,benwhite,1496607331,1496607463,132
oltorf,benwhite,1496602966,1496602998,32
oltorf,benwhite,1496606974,1496607115,141
oltorf,benwhite,1496607316,1496607402,86
oltorf,benwhite,1496596512,1496596679,167
oltorf,benwhite,1496611778,1496611974,196
oltorf,benwhite,1496574484,1496574549,65
oltorf,benwhite,1496577091,1496577251,160
oltorf,benwhite,1496572080,1496572170,90
oltorf,benwhite,1496589575,1496589678,103
oltorf,benwhite,1496601926,1496601975,49
oltorf,benwhite,1496609333,1496609362,29
oltorf,benwhite,1496585314,1496585350,36
oltorf,benwhite,1496595366,1496595470,104
oltorf,benwhite,1496607618,1496607684,66
oltorf,benwhite,1496603304,1496603396,92
oltorf,benwhite,1496569877,1496569930,53
oltorf,benwhite,1496592952,1496593068,116
oltorf,benwhite,1496577846,1496577936,90
oltorf,benwhite,1496615845,1496615961,116
oltorf,benwhite,1496576595,1496576713,118
oltorf,benwhite,1496604550,1496604688,138
oltorf,benwhite,1496569974,1496570084,110
oltorf,benwhite,1496613780,1496613963,183
oltorf,benwhite,1496618014,1496618117,103
oltorf,benwhite,1496595777,1496595829,52
oltorf,benwhite,1496575562,1496575579,17
oltorf,benwhite,1496596750,1496596878,128
oltorf,benwhite,1496586589,1496586685,96
oltorf,benwhite,1496586901,1496587041,140
oltorf,benwhite,1496596691,1496596712,21
oltorf,benwhite,1496605296,1496605406,110
oltorf,benwhite,1496580748,1496580829,81
oltorf,benwhite,1496589457,1496589535,78
oltorf,benwhite,1496577503,1496577560,57
oltorf,benwhite,1496583390,1496583444,54
oltorf,benwhite,1496610283,1496610382,99
oltorf,benwhite,1496604633,1496604639,6
oltorf,benwhite,1496575920,1496576047,127
oltorf,benwhite,1496569563,1496569698,135
oltorf,benwhite,1496586426,1496586521,95
oltorf,benwhite,1496595844,1496595928,84
oltorf,benwhite,1496601467,1496601644,177
oltorf,benwhite,1496589273,1496589290,17
oltorf,benwhite,1496610603,1496610750,147
oltorf,benwhite,1496578626,1496578813,187
oltorf,benwhite,1496593344,1496593398,54
oltorf,benwhite,1496569638,1496569746,108
oltorf,benwhite,1496577213,1496577409,196
oltorf,benwhite,1496584865,1496584868,3
oltorf,benwhite,1496594999,1496595035,36
oltorf,benwhite,1496595647,1496595663,16
oltorf,benwhite,1496608539,1496608632,93
oltorf,benwhite,1496581263,1496581425,162
oltorf,benwhite,1496608074,1496608250,176
oltorf,benwhite,1496570035,1496570222,187
oltorf,benwhite,1496616267,1496616421,154
oltorf,benwhite,1496604645,1496604816,171
oltorf,benwhite,1496618276,1496618337,61
oltorf,benwhite,1496607955,1496607982,27
oltorf,benwhite,1496594909,1496594963,54
oltorf,benwhite,1496583171,1496583291,120
oltorf,benwhite,1496601193,1496601253,60
oltorf,benwhite,1496583018,1496583191,173
oltorf,benwhite,1496596971,1496597114,143
oltorf,benwhite,1496616680,1496616877,197
oltorf,benwhite,1496587286,1496587453,167
oltorf,benwhite,1496593718,1496593906,188
oltorf,benwhite,1496585952,1496585990,38
oltorf,benwhite,1496605080,1496605156,76
oltorf,benwhite,1496569421,1496569574,153
oltorf,benwhite,1496573103,1496573174,71
oltorf,benwhite,1496601641,1496601787,146
oltorf,benwhite,1496595581,1496595620,39
oltorf,benwhite,1496598509,1496598632,123
oltorf,benwhite,1496601372,1496601488,116
oltorf,benwhite,1496575136,1496575231,95
oltorf,benwhite,1496572152,1496572290,138
oltorf,benwhite,1496570267,1496570281,14
oltorf,benwhite,1496616084,1496616133,49
oltorf,benwhite,1496578593,1496578748,155
oltorf,benwhite,1496571331,1496571337,6
oltorf,benwhite,1496577400,1496577501,101
oltorf,benwhite,1496589178,1496589345,167
oltorf,benwhite,1496601447,1496601531,84
oltorf,benwhite,1496611978,1496612066,88
oltorf,benwhite,1496603779,1496603805,26
oltorf,benwhite,1496597923,1496598026,103
oltorf,benwhite,1496609406,1496609504,98
oltorf,benwhite,1496602756,1496602856,100
oltorf,benwhite,1496591985,1496592101,116
oltorf,benwhite,1496603675,1496603813,138
oltorf,benwhite,1496603327,1496603330,3
oltorf,benwhite,1496601353,1496601419,66
oltorf,benwhite,1496596229,1496596361,132
oltorf,benwhite,1496576172,1496576207,35
oltorf,benwhite,1496591654,1496591686,32
oltorf,benwhite,1496608167,1496608244,77
oltorf,benwhite,1496571708,1496571779,71
oltorf,benwhite,1496589550,1496589703,153
oltorf,benwhite,1496600739,1496600761,22
oltorf,benwhite,1496576583,1496576756,173
oltorf,benwhite,1496579284,1496579452,168
oltorf,benwhite,1496586600,1496586653,53
oltorf,benwhite,1496587831,1496587859,28
oltorf,benwhite,1496595028,1496595097,69
oltorf,benwhite,1496615121,1496615318,197
oltorf,benwhite,1496583833,1496583845,12
oltorf,benwhite,1496596236,1496596250,14
oltorf,benwhite,1496609905,1496609972,67
oltorf,benwhite,1496614420,1496614585,165
oltorf,benwhite,1496599070,1496599091,21
oltorf,benwhite,1496616971,1496617024,53
oltorf,benwhite,1496583560,1496583659,99
oltorf,benwhite,1496576577,1496576711,134
oltorf,benwhite,1496605545,1496605595,50
oltorf,benwhite,1496602994,1496603016,22
oltorf,benwhite,1496602507,1496602667,160
oltorf,benwhite,1496576939,1496576957,18
oltorf,benwhite,1496583665,1496583687,22
oltorf,benwhite,1496597628,1496597634,6
oltorf,benwhite,1496589491,1496589514,23
oltorf,benwhite,1496600996,1496601124,128
oltorf,benwhite,1496582027,1496582048,21
oltorf,benwhite,1496576560,1496576721,161
oltorf,benwhite,1496596979,1496597030,51
oltorf,benwhite,1496608421,1496608453,32
oltorf,benwhite,1496594878,1496594952,74
oltorf,benwhite,1496587237,1496587383,146
oltorf,benwhite,1496616442,1496616517,75
oltorf,benwhite,1496594429,1496594526,97
oltorf,benwhite,1496581146,1496581295,149
oltorf,benwhite,1496605838,1496606013,175
oltorf,benwhite,1496591155,1496591167,12
oltorf,benwhite,1496585882,1496585989,107
oltorf,benwhite,1496595630,1496595776,146
oltorf,benwhite,1496591013,1496591063,50
oltorf,benwhite,1496585220,1496585407,187
oltorf,benwhite,1496608717,1496608756,39
oltorf,benwhite,1496614067,1496614155,88
oltorf,benwhite,1496584474,1496584618,144
oltorf,benwhite,1496576492,1496576507,15
oltorf,benwhite,1496575538,1496575622,84
oltorf,benwhite,1496579040,1496579208,168
oltorf,benwhite,1496612036,1496612176,140
oltorf,benwhite,1496601046,1496601198,152
oltorf,benwhite,1496590792,1496590983,191
oltorf,benwhite,1496577233,1496577357,124
oltorf,benwhite,1496607806,1496607990,184
oltorf,benwhite,1496616141,1496616201,60
oltorf,benwhite,1496579018,1496579148,130
oltorf,benwhite,1496611344,1496611388,44
oltorf,benwhite,1496595831,1496595894,63
oltorf,benwhite,1496600733,1496600890,157
oltorf,benwhite,1496602337,1496602338,1
oltorf,benwhite,1496609181,1496609362,181
oltorf,benwhite,1496614933,1496615043,110
oltorf,benwhite,1496599231,1496599268,37
oltorf,benwhite,1496605347,1496605431,84
oltorf,benwhite,1496573634,1496573738,104
oltorf,benwhite,1496572954,1496573124,170
oltorf,benwhite,1496568244,1496568261,17
oltorf,benwhite,1496573850,1496573943,93
oltorf,benwhite,1496593773,1496593838,65
oltorf,benwhite,1496570220,1496570270,50
oltorf,benwhite,1496606216,1496606332,116
oltorf,benwhite,1496598822,1496598972,150
oltorf,benwhite,1496575077,1496575169,92
oltorf,benwhite,1496588609,1496588610,1
oltorf,benwhite,1496590549,1496590667,118
oltorf,benwhite,1496582253,1496582350,97
oltorf,benwhite,1496594317,1496594508,191
oltorf,benwhite,1496572303,1496572386,83
oltorf,benwhite,1496608476,1496608541,65
oltorf,benwhite,1496602218,1496602319,101
oltorf,benwhite,1496575882,1496576014,132
oltorf,benwhite,1496601556,1496601603,47
oltorf,benwhite,1496589190,1496589349,159
oltorf,benwhite,1496613260,1496613374,114
oltorf,benwhite,1496578054,1496578076,22
oltorf,benwhite,1496605781,1496605966,185
oltorf,benwhite,1496582823,1496582983,160
oltorf,benwhite,1496575370,1496575435,65
oltorf,benwhite,1496604192,1496604314,122
oltorf,benwhite,1496586988,1496587155,167
oltorf,benwhite,1496604971,1496605042,71
oltorf,benwhite,1496603772,1496603833,61
oltorf,benwhite,1496602431,1496602610,179
oltorf,benwhite,1496616957,1496616971,14
oltorf,benwhite,1496583859,1496584035,176
oltorf,benwhite,1496603303,1496603387,84
oltorf,benwhite,1496611937,1496611968,31
oltorf,benwhite,1496618206,1496618248,42
oltorf,benwhite,1496590555,1496590688,133
oltorf,benwhite,1496587182,1496587189,7
oltorf,benwhite,1496595202,1496595398,196
oltorf,benwhite,1496582312,1496582462,150
oltorf,benwhite,1496598565,1496598742,177
oltorf,benwhite,1496572296,1496572404,108
oltorf,benwhite,1496617582,1496617607,25
oltorf,benwhite,1496576516,1496576629,113
oltorf,benwhite,1496601799,1496601996,197
oltorf,benwhite,1496588525,1496588624,99
oltorf,benwhite,1496602507,1496602564,57
oltorf,benwhite,1496573193,1496573267,74
oltorf,benwhite,1496574259,1496574265,6
oltorf,benwhite,1496582211,1496582399,188
oltorf,benwhite,1496568458,1496568579,121
oltorf,benwhite,1496618016,1496618212,196
oltorf,benwhite,1496612294,1496612388,94
oltorf,benwhite,1496585541,1496585734,193
oltorf,benwhite,1496584758,1496584893,135
oltorf,benwhite,1496595135,1496595186,51
oltorf,benwhite,1496588332,1496588516,184
oltorf,benwhite,1496576536,1496576603,67
oltorf,benwhite,1496578518,1496578535,17
oltorf,benwhite,1496606027,1496606119,92
oltorf,benwhite,1496591254,1496591418,164
oltorf,benwhite,1496590823,1496590828,5
oltorf,benwhite,1496586105,1496586264,159
oltorf,benwhite,1496608674,1496608834,160
oltorf,benwhite,1496585020,1496585128,108
oltorf,benwhite,1496597056,1496597171,115
oltorf,benwhite,1496608334,1496608354,20
oltorf,benwhite,1496590831,1496590876,45
oltorf,benwhite,1496575435,1496575536,101
oltorf,benwhite,1496607457,1496607572,115
oltorf,benwhite,1496580117,1496580140,23
oltorf,benwhite,1496617249,1496617285,36
oltorf,benwhite,1496580347,1496580385,38
oltorf,benwhite,1496601887,1496601927,40
oltorf,benwhite,1496607542,1496607680,138
oltorf,benwhite,1496614964,1496615012,48
oltorf,benwhite,1496571653,1496571717,64
oltorf,benwhite,1496612325,1496612326,1
oltorf,benwhite,1496608612,1496608744,132
oltorf,benwhite,1496616539,1496616664,125
oltorf,benwhite,1496595281,1496595405,124
oltorf,benwhite,1496614735,1496614868,133
oltorf,benwhite,1496603022,1496603143,121
oltorf,benwhite,1496604465,1496604499,34
oltorf,benwhite,1496605171,1496605173,2
oltorf,benwhite,1496584159,1496584318,159
oltorf,benwhite,1496609680,1496609700,20
oltorf,benwhite,1496592648,1496592677,29
oltorf,benwhite,1496572057,1496572104,47
oltorf,benwhite,1496573607,1496573656,49
oltorf,benwhite,1496605033,1496605059,26
oltorf,benwhite,1496614719,1496614906,187
oltorf,benwhite,1496595090,1496595260,170
oltorf,benwhite,1496613720,1496613865,145
oltorf,benwhite,1496586079,1496586224,145
oltorf,benwhite,1496600729,1496600763,34
oltorf,benwhite,1496584267,1496584452,185
oltorf,benwhite,1496579728,1496579909,181
oltorf,benwhite,1496617207,1496617288,81
oltorf,benwhite,1496594997,1496595124,127
oltorf,benwhite,1496599994,1496600027,33
oltorf,benwhite,1496589373,1496589445,72
oltorf,benwhite,1496602626,1496602757,131
oltorf,benwhite,1496594334,1496594454,120
oltorf,benwhite,1496569857,1496569960,103
oltorf,benwhite,1496611705,1496611744,39
oltorf,benwhite,1496589640,1496589797,157
oltorf,benwhite,1496605215,1496605323,108
oltorf,benwhite,1496581703,1496581821,118
oltorf,benwhite,1496584481,1496584584,103
oltorf,benwhite,1496595992,1496596042,50
oltorf,benwhite,1496609351,1496609368,17
oltorf,benwhite,1496577069,1496577092,23
oltorf,benwhite,1496594971,1496594991,20
oltorf,benwhite,1496598492,1496598682,190
oltorf,benwhite,1496590413,1496590550,137
oltorf,benwhite,1496580594,1496580611,17
oltorf,benwhite,1496582959,1496583015,56
oltorf,benwhite,1496580963,1496581058,95
oltorf,benwhite,1496602587,1496602779,192
oltorf,benwhite,1496609943,1496610117,174
oltorf,benwhite,1496587228,1496587402,174
oltorf,benwhite,1496590902,1496591054,152
oltorf,benwhite,1496575756,1496575804,48
oltorf,benwhite,1496587975,1496587989,14
oltorf,benwhite,1496617203,1496617270,67
oltorf,benwhite,1496577700,1496577759,59
oltorf,benwhite,1496605843,1496605998,155
oltorf,benwhite,1496591828,1496591957,129
oltorf,benwhite,1496580167,1496580247,80
oltorf,benwhite,1496584681,1496584757,76
oltorf,benwhite,1496585504,1496585670,166
oltorf,benwhite,1496615235,1496615366,131
oltorf,benwhite,1496597525,1496597643,118
oltorf,benwhite,1496588473,1496588577,104
oltorf,benwhite,1496603417,1496603519,102
oltorf,benwhite,1496606949,1496607023,74
oltorf,benwhite,1496587075,1496587238,163
oltorf,benwhite,1496578814,1496578830,16
oltorf,benwhite,1496617651,1496617844,193
oltorf,benwhite,1496571834,1496572026,192
oltorf,benwhite,1496580549,1496580742,193
oltorf,benwhite,1496604496,1496604673,177
oltorf,benwhite,1496576367,1496576392,25
oltorf,benwhite,1496574128,1496574274,146
oltorf,benwhite,1496605576,1496605762,186
oltorf,benwhite,1496578878,1496579002,124
oltorf,benwhite,1496610689,1496610707,18
oltorf,benwhite,1496578685,1496578715,30
oltorf,benwhite,1496583455,1496583459,4
oltorf,benwhite,1496578073,1496578135,62
oltorf,benwhite,1496590156,1496590246,90
oltorf,benwhite,1496609025,1496609045,20
oltorf,benwhite,1496588339,1496588489,150
oltorf,benwhite,1496575355,1496575383,28
oltorf,benwhite,1496591516,1496591696,180
oltorf,benwhite,1496611238,1496611364,126
oltorf,benwhite,1496570033,1496570104,71
oltorf,benwhite,1496582868,1496583057,189
oltorf,benwhite,1496601983,1496602116,133
oltorf,benwhite,1496570195,1496570305,110
oltorf,benwhite,1496602117,1496602218,101
oltorf,benwhite,1496587980,1496588022,42
oltorf,benwhite,1496585813,1496585919,106
oltorf,benwhite,1496596055,1496596177,122
oltorf,benwhite,1496617941,1496617996,55
oltorf,benwhite,1496601114,1496601127,13
oltorf,benwhite,1496605251,1496605294,43
oltorf,benwhite,1496618190,1496618319,129
oltorf,benwhite,1496590686,1496590767,81
oltorf,benwhite,1496574527,1496574709,182
oltorf,benwhite,1496585734,1496585769,35
oltorf,benwhite,1496572539,1496572616,77
oltorf,benwhite,1496570437,1496570606,169
oltorf,benwhite,1496584084,1496584182,98
oltorf,benwhite,1496602724,1496602816,92
oltorf,benwhite,1496608240,1496608343,103
oltorf,benwhite,1496598173,1496598272,99
oltorf,benwhite,1496573122,1496573162,40
oltorf,benwhite,1496594075,1496594206,131
oltorf,benwhite,1496598633,1496598670,37
oltorf,benwhite,1496575727,1496575875,148
oltorf,benwhite,1496604365,1496604471,106
oltorf,benwhite,1496581728,1496581743,15
oltorf,benwhite,1496597425,1496597471,46
oltorf,benwhite,1496616160,1496616178,18
oltorf,benwhite,1496612033,1496612037,4
oltorf,benwhite,1496612266,1496612367,101
oltorf,benwhite,1496606969,1496607130,161
oltorf,benwhite,1496603597,1496603666,69
oltorf,benwhite,1496597345,1496597514,169
oltorf,benwhite,1496579546,1496579630,84
oltorf,benwhite,1496609943,1496610100,157
oltorf,benwhite,1496607771,1496607934,163
oltorf,benwhite,1496603265,1496603397,132
oltorf,benwhite,1496573060,1496573191,131
oltorf,benwhite,1496575013,1496575127,114
oltorf,benwhite,1496587367,1496587472,105
oltorf,benwhite,1496600778,1496600860,82
oltorf,benwhite,1496590262,1496590421,159
oltorf,benwhite,1496618444,1496618602,158
oltorf,benwhite,1496603972,1496604060,88
oltorf,benwhite,1496611597,1496611735,138
oltorf,benwhite,1496587249,1496587257,8
oltorf,benwhite,1496586439,1496586569,130
oltorf,benwhite,1496613269,1496613386,117
oltorf,benwhite,1496606734,1496606793,59
oltorf,benwhite,1496587283,1496587287,4
oltorf,benwhite,1496573584,1496573769,185
oltorf,benwhite,1496568126,1496568270,144
oltorf,benwhite,1496608640,1496608741,101
oltorf,benwhite,1496617012,1496617139,127
oltorf,benwhite,1496570898,1496571053,155
oltorf,benwhite,1496578451,1496578584,133
oltorf,benwhite,1496591594,1496591657,63
oltorf,benwhite,1496604836,1496604974,138
oltorf,benwhite,1496599602,1496599714,112
oltorf,benwhite,1496608762,1496608935,173
oltorf,benwhite,1496580916,1496580973,57
oltorf,benwhite,1496598055,1496598199,144
oltorf,benwhite,1496608328,1496608496,168
oltorf,benwhite,1496609243,1496609244,1
oltorf,benwhite,1496578046,1496578200,154
oltorf,benwhite,1496601506,1496601635,129
oltorf,benwhite,1496593364,1496593383,19
oltorf,benwhite,1496568728,1496568882,154
oltorf,benwhite,1496596387,1496596558,171
oltorf,benwhite,1496615177,1496615278,101
oltorf,benwhite,1496609812,1496609968,156
oltorf,benwhite,1496586913,1496586947,34
oltorf,benwhite,1496596094,1496596200,106
oltorf,benwhite,1496617818,1496617944,126
oltorf,benwhite,1496602161,1496602283,122
oltorf,benwhite,1496572076,1496572135,59
oltorf,benwhite,1496582973,1496583036,63
oltorf,benwhite,1496592198,1496592314,116
oltorf,benwhite,1496597754,1496597869,115
oltorf,benwhite,1496591963,1496592110,147
oltorf,benwhite,1496615948,1496616122,174
oltorf,benwhite,1496609279,1496609325,46
oltorf,benwhite,1496608147,1496608343,196
oltorf,benwhite,1496604849,1496604993,144
oltorf,benwhite,1496599131,1496599236,105
oltorf,benwhite,1496616991,1496617154,163
oltorf,benwhite,1496607986,1496608139,153
oltorf,benwhite,1496609644,1496609788,144
oltorf,benwhite,1496597316,1496597460,144
oltorf,benwhite,1496601133,1496601299,166
oltorf,benwhite,1496582520,1496582698,178
oltorf,benwhite,1496605287,1496605479,192
oltorf,benwhite,1496596120,1496596316,196
oltorf,benwhite,1496583973,1496584168,195
oltorf,benwhite,1496579580,1496579771,191
oltorf,benwhite,1496572174,1496572185,11
oltorf,benwhite,1496605646,1496605662,16
oltorf,benwhite,1496607115,1496607199,84
oltorf,benwhite,1496609111,1496609273,162
oltorf,benwhite,1496573696,1496573732,36
oltorf,benwhite,1496587467,1496587551,84
oltorf,benwhite,1496597831,1496597943,112
oltorf,benwhite,1496590760,1496590842,82
oltorf,benwhite,1496589168,1496589255,87
oltorf,benwhite,1496589488,1496589593,105
oltorf,benwhite,1496603164,1496603343,179
oltorf,benwhite,1496602945,1496603027,82
oltorf,benwhite,1496612834,1496612922,88
oltorf,benwhite,1496595826,1496595997,171
oltorf,benwhite,1496615389,1496615499,110
oltorf,benwhite,1496575280,1496575334,54
oltorf,benwhite,1496588870,1496588920,50
oltorf,benwhite,1496580523,1496580694,171
oltorf,benwhite,1496571012,1496571194,182
oltorf,benwhite,1496616212,1496616410,198
oltorf,benwhite,1496581887,1496581906,19
oltorf,benwhite,1496597282,1496597464,182
oltorf,benwhite,1496574728,1496574783,55
oltorf,benwhite,1496574129,1496574173,44
oltorf,benwhite,1496597892,1496598015,123
oltorf,benwhite,1496605554,1496605725,171
oltorf,benwhite,1496603293,1496603423,130
oltorf,benwhite,1496583554,1496583611,57
oltorf,benwhite,1496586085,1496586164,79
oltorf,benwhite,1496614248,1496614414,166
oltorf,benwhite,1496588423,1496588611,188
oltorf,benwhite,1496604851,1496604897,46
oltorf,benwhite,1496608479,1496608513,34
oltorf,benwhite,1496573375,1496573507,132
oltorf,benwhite,1496600389,1496600573,184
oltorf,benwhite,1496583045,1496583151,106
oltorf,benwhite,1496569271,1496569291,20
oltorf,benwhite,1496605273,1496605453,180
oltorf,benwhite,1496583079,1496583119,40
oltorf,benwhite,1496581790,1496581947,157
oltorf,benwhite,1496606093,1496606276,183
oltorf,benwhite,1496577714,1496577855,141
oltorf,benwhite,1496603125,1496603263,138
oltorf,benwhite,1496607120,1496607270,150
oltorf,benwhite,1496584526,1496584605,79
oltorf,benwhite,1496617090,1496617280,190
oltorf,benwhite,1496572681,1496572795,114
oltorf,benwhite,1496571263,1496571276,13
oltorf,benwhite,1496611485,1496611543,58
oltorf,benwhite,1496585837,1496585975,138
oltorf,benwhite,1496593264,1496593297,33
oltorf,benwhite,1496577765,1496577943,178
oltorf,benwhite,1496594038,1496594068,30
oltorf,benwhite,1496583910,1496584046,136
oltorf,benwhite,1496578858,1496579057,199
oltorf,benwhite,1496614023,1496614179,156
oltorf,benwhite,1496606936,1496607031,95
oltorf,benwhite,1496599685,1496599779,94
oltorf,benwhite,1496605698,1496605866,168
oltorf,benwhite,1496600259,1496600451,192
oltorf,benwhite,1496612405,1496612473,68
oltorf,benwhite,1496607933,1496608084,151
oltorf,benwhite,1496588572,1496588738,166
oltorf,benwhite,1496576251,1496576280,29
oltorf,benwhite,1496571118,1496571133,15
oltorf,benwhite,1496585781,1496585805,24
oltorf,benwhite,1496576386,1496576386,0
oltorf,benwhite,1496584590,1496584693,103
oltorf,benwhite,1496576234,1496576342,108
oltorf,benwhite,1496615926,1496615940,14
oltorf,benwhite,1496600658,1496600720,62
oltorf,benwhite,1496592662,1496592724,62
oltorf,benwhite,1496570912,1496570975,63
oltorf,benwhite,1496611879,1496611969,90
oltorf,benwhite,1496588773,1496588819,46
oltorf,benwhite,1496615265,1496615422,157
oltorf,benwhite,1496605137,1496605273,136
oltorf,benwhite,1496603309,1496603456,147
oltorf,benwhite,1496576241,1496576411,170
oltorf,benwhite,1496605229,1496605317,88
oltorf,benwhite,1496607265,1496607449,184
oltorf,benwhite,1496608377,1496608426,49
oltorf,benwhite,1496568948,1496568994,46
oltorf,benwhite,1496592462,1496592500,38
oltorf,benwhite,1496568997,1496569118,121
oltorf,benwhite,1496591876,1496592054,178
oltorf,benwhite,1496614767,1496614788,21
oltorf,benwhite,1496578120,1496578199,79
oltorf,benwhite,1496589952,1496590082,130
oltorf,benwhite,1496595073,1496595262,189
oltorf,benwhite,1496580061,1496580182,121
oltorf,benwhite,1496588993,1496588993,0
oltorf,benwhite,1496615177,1496615214,37
oltorf,benwhite,1496579911,1496580049,138
oltorf,benwhite,1496597055,1496597215,160
oltorf,benwhite,1496602086,1496602278,192
oltorf,benwhite,1496577324,1496577432,108
oltorf,benwhite,1496614666,1496614807,141
oltorf,benwhite,1496569932,1496569951,19
oltorf,benwhite,1496611841,1496611855,14
oltorf,benwhite,1496571107,1496571188,81
oltorf,benwhite,1496580588,1496580601,13
oltorf,benwhite,1496613772,1496613815,43
oltorf,benwhite,1496588870,1496588971,101
oltorf,benwhite,1496575746,1496575821,75
oltorf,benwhite,1496581715,1496581730,15
oltorf,benwhite,1496602155,1496602223,68
oltorf,benwhite,1496568875,1496568877,2
oltorf,benwhite,1496589644,1496589815,171
oltorf,benwhite,1496570380,1496570528,148
oltorf,benwhite,1496588419,1496588553,134
oltorf,benwhite,1496582272,1496582326,54
oltorf,benwhite,1496611894,1496612053,159
oltorf,benwhite,1496568830,1496569026,196
oltorf,benwhite,1496612599,1496612755,156
oltorf,benwhite,1496617264,1496617276,12
oltorf,benwhite,1496606195,1496606275,80
oltorf,benwhite,1496610305,1496610462,157
oltorf,benwhite,1496600139,1496600230,91
oltorf,benwhite,1496600459,1496600560,101
oltorf,benwhite,1496614354,1496614398,44
oltorf,benwhite,1496571952,1496572055,103
oltorf,benwhite,1496595352,1496595403,51
oltorf,benwhite,1496601116,1496601275,159
oltorf,benwhite,1496605141,1496605266,125
oltorf,benwhite,1496615452,1496615464,12
oltorf,benwhite,1496601308,1496601368,60
oltorf,benwhite,1496600440,1496600589,149
oltorf,benwhite,1496574713,1496574798,85
oltorf,benwhite,1496611271,1496611352,81
oltorf,benwhite,1496607086,1496607267,181
oltorf,benwhite,1496608127,1496608216,89
oltorf,benwhite,1496581766,1496581803,37
oltorf,benwhite,1496609500,1496609587,87
oltorf,benwhite,1496600504,1496600623,119
oltorf,benwhite,1496573773,1496573958,185
oltorf,benwhite,1496578720,1496578762,42
oltorf,benwhite,1496584920,1496584945,25
oltorf,benwhite,1496581849,1496581958,109
oltorf,benwhite,1496571873,1496571941,68
oltorf,benwhite,1496609594,1496609675,81
oltorf,benwhite,1496574356,1496574384,28
oltorf,benwhite,1496606747,1496606911,164
oltorf,benwhite,1496597390,1496597443,53
oltorf,benwhite,1496583929,1496584058,129
oltorf,benwhite,1496589761,1496589889,128
oltorf,benwhite,1496577895,1496578055,160
oltorf,benwhite,1496591194,1496591360,166
oltorf,benwhite,1496574956,1496574989,33
oltorf,benwhite,1496585180,1496585330,150
oltorf,benwhite,1496603065,1496603129,64
oltorf,benwhite,1496608858,1496608915,57
oltorf,benwhite,1496617303,1496617398,95
oltorf,benwhite,1496617630,1496617714,84
oltorf,benwhite,1496588722,1496588918,196
oltorf,benwhite,1496602090,1496602188,98
oltorf,benwhite,1496616941,1496616945,4
oltorf,benwhite,1496611748,1496611943,195
oltorf,benwhite,1496580433,1496580623,190
oltorf,benwhite,1496594923,1496595090,167
oltorf,benwhite,1496593249,1496593383,134
oltorf,benwhite,1496608470,1496608597,127
oltorf,benwhite,1496588802,1496588867,65
oltorf,benwhite,1496587058,1496587250,192
oltorf,benwhite,1496599525,1496599712,187
oltorf,benwhite,1496599189,1496599258,69
oltorf,benwhite,1496597493,1496597519,26
oltorf,benwhite,1496575444,1496575577,133
oltorf,benwhite,1496608234,1496608391,157
oltorf,benwhite,1496590825,1496591001,176
oltorf,benwhite,1496572207,1496572322,115
oltorf,benwhite,1496595634,1496595752,118
oltorf,benwhite,1496611351,1496611509,158
oltorf,benwhite,1496581102,1496581270,168
oltorf,benwhite,1496612301,1496612403,102
oltorf,benwhite,1496613028,1496613200,172
oltorf,benwhite,1496589104,1496589287,183
oltorf,benwhite,1496579814,1496579915,101
oltorf,benwhite,1496583885,1496584055,170
oltorf,benwhite,1496613799,1496613835,36
oltorf,benwhite,1496614329,1496614446,117
oltorf,benwhite,1496580647,1496580779,132
oltorf,benwhite,1496600962,1496600994,32
oltorf,benwhite,1496615201,1496615267,66
oltorf,benwhite,1496570537,1496570629,92
oltorf,benwhite,1496600288,1496600341,53
oltorf,benwhite,1496600618,1496600710,92
oltorf,benwhite,1496582980,1496583092,112
oltorf,benwhite,1496606784,1496606809,25
oltorf,benwhite,1496594809,1496594820,11
oltorf,benwhite,1496573209,1496573347,138
oltorf,benwhite,1496574168,1496574351,183
oltorf,benwhite,1496606256,1496606271,15
oltorf,benwhite,1496596175,1496596349,174
oltorf,benwhite,1496589999,1496590181,182
oltorf,benwhite,1496587229,1496587276,47
oltorf,benwhite,1496602002,1496602097,95
oltorf,benwhite,1496574980,1496575017,37
oltorf,benwhite,1496611506,1496611629,123
oltorf,benwhite,1496597436,1496597531,95
oltorf,benwhite,1496600144,1496600266,122
oltorf,benwhite,1496601421,1496601502,81
oltorf,benwhite,1496585776,1496585808,32
oltorf,benwhite,1496571915,1496572004,89
oltorf,benwhite,1496568351,1496568389,38
oltorf,benwhite,1496587082,1496587084,2
oltorf,benwhite,1496593125,1496593288,163
oltorf,benwhite,1496604988,1496605124,136
oltorf,benwhite,1496574126,1496574160,34
oltorf,benwhite,1496586384,1496586432,48
oltorf,benwhite,1496582662,1496582733,71
oltorf,benwhite,1496582280,1496582401,121
oltorf,benwhite,1496616545,1496616644,99
oltorf,benwhite,1496612743,1496612921,178
oltorf,benwhite,1496577368,1496577369,1
oltorf,benwhite,1496611452,1496611635,183
oltorf,benwhite,1496580744,1496580787,43
oltorf,benwhite,1496590967,1496591095,128
oltorf,benwhite,1496614607,1496614798,191
oltorf,benwhite,1496596360,1496596399,39
oltorf,benwhite,1496586074,1496586168,94
oltorf,benwhite,1496617948,1496618098,150
oltorf,benwhite,1496584890,1496585051,161
oltorf,benwhite,1496615768,1496615957,189
oltorf,benwhite,1496582119,1496582223,104
oltorf,benwhite,1496569570,1496569659,89
oltorf,benwhite,1496580668,1496580776,108
oltorf,benwhite,1496614692,1496614764,72
oltorf,benwhite,1496575363,1496575487,124
oltorf,benwhite,1496588846,1496588972,126
oltorf,benwhite,1496604588,1496604624,36
oltorf,benwhite,1496602287,1496602388,101
oltorf,benwhite,1496577375,1496577509,134
oltorf,benwhite,1496580516,1496580625,109
oltorf,benwhite,1496577105,1496577268,163
oltorf,benwhite,1496589487,1496589499,12
oltorf,benwhite,1496612640,1496612707,67
oltorf,benwhite,1496573487,1496573553,66
oltorf,benwhite,1496616340,1496616364,24
oltorf,benwhite,1496568193,1496568277,84
oltorf,benwhite,1496617257,1496617266,9
oltorf,benwhite,1496618103,1496618239,136
oltorf,benwhite,1496588539,1496588592,53
oltorf,benwhite,1496586436,1496586603,167
oltorf,benwhite,1496569302,1496569435,133
oltorf,benwhite,1496591633,1496591640,7
oltorf,benwhite,1496589150,1496589248,98
oltorf,benwhite,1496609495,1496609647,152
oltorf,benwhite,1496598558,1496598687,129
oltorf,benwhite,1496594876,1496595068,192
oltorf,benwhite,1496604361,1496604402,41
oltorf,benwhite,1496569008,1496569023,15
oltorf,benwhite,1496617789,1496617861,72
oltorf,benwhite,1496606588,1496606776,188
oltorf,benwhite,1496607992,1496608064,72
oltorf,benwhite,1496589566,1496589702,136
oltorf,benwhite,1496569609,1496569638,29
oltorf,benwhite,1496612782,1496612836,54
oltorf,benwhite,1496575648,1496575694,46
oltorf,benwhite,1496571012,1496571170,158
oltorf,benwhite,1496610610,1496610707,97
oltorf,benwhite,1496585236,1496585362,126
oltorf,benwhite,1496597833,1496597921,88
oltorf,benwhite,1496603305,1496603487,182
oltorf,benwhite,1496604533,1496604594,61
oltorf,benwhite,1496575272,1496575439,167
oltorf,benwhite,1496581200,1496581399,199
oltorf,benwhite,1496605717,1496605898,181
oltorf,benwhite,1496584220,1496584384,164
oltorf,benwhite,1496611048,1496611153,105
oltorf,benwhite,1496586262,1496586393,131
oltorf,benwhite,1496574955,1496574988,33
oltorf,benwhite,1496581571,1496581598,27
oltorf,benwhite,1496601893,1496601893,0
oltorf,benwhite,1496594684,1496594697,13
oltorf,benwhite,1496583479,1496583578,99
oltorf,benwhite,1496617762,1496617824,62
oltorf,benwhite,1496617822,1496617918,96
oltorf,benwhite,1496574340,1496574481,141
oltorf,benwhite,1496568879,1496569045,166
oltorf,benwhite,1496596884,1496597023,139
oltorf,benwhite,1496585403,1496585432,29
oltorf,benwhite,1496572606,1496572804,198
oltorf,benwhite,1496600585,1496600601,16
oltorf,benwhite,1496616702,1496616785,83
oltorf,benwhite,1496616025,1496616194,169
oltorf,benwhite,1496612062,1496612149,87
oltorf,benwhite,1496575533,1496575626,93
oltorf,benwhite,1496611301,1496611417,116
oltorf,benwhite,1496594780,1496594957,177
oltorf,benwhite,1496613100,1496613196,96
oltorf,benwhite,1496569459,1496569514,55
oltorf,benwhite,1496593474,1496593556,82
oltorf,benwhite,1496583462,1496583597,135
oltorf,benwhite,1496601619,1496601690,71
oltorf,benwhite,1496589635,1496589664,29
oltorf,benwhite,1496572125,1496572231,106
oltorf,benwhite,1496589804,1496589898,94
oltorf,benwhite,1496595739,1496595855,116
oltorf,benwhite,1496569986,1496570049,63
oltorf,benwhite,1496617633,1496617817,184
oltorf,benwhite,1496594881,1496594984,103
oltorf,benwhite,1496612861,1496612924,63
oltorf,benwhite,1496568528,1496568724,196
oltorf,benwhite,1496603388,1496603522,134
oltorf,benwhite,1496595694,1496595805,111
oltorf,benwhite,1496611670,1496611775,105
oltorf,benwhite,1496605706,1496605875,169
oltorf,benwhite,1496587702,1496587739,37
oltorf,benwhite,1496580108,1496580295,187
oltorf,benwhite,1496605254,1496605401,147
oltorf,benwhite,1496606580,1496606633,53
oltorf,benwhite,1496593948,1496594090,142
oltorf,benwhite,1496591215,1496591242,27
oltorf,benwhite,1496573723,1496573785,62
oltorf,benwhite,1496605201,1496605261,60
oltorf,benwhite,1496578145,1496578192,47
oltorf,benwhite,1496570437,1496570495,58
oltorf,benwhite,1496575683,1496575733,50
oltorf,benwhite,1496580494,1496580649,155
oltorf,benwhite,1496614042,1496614230,188
oltorf,benwhite,1496590774,1496590777,3
oltorf,benwhite,1496606113,1496606258,145
oltorf,benwhite,1496594517,1496594668,151
oltorf,benwhite,1496580059,1496580071,12
oltorf,benwhite,1496612438,1496612572,134
oltorf,benwhite,1496606795,1496606938,143
oltorf,benwhite,1496598486,1496598546,60
oltorf,benwhite,1496590694,1496590748,54
oltorf,benwhite,1496575525,1496575535,10
oltorf,benwhite,1496598435,1496598458,23
oltorf,benwhite,1496571968,1496572030,62
oltorf,benwhite,1496613169,1496613317,148
oltorf,benwhite,1496586157,1496586195,38
oltorf,benwhite,1496610012,1496610206,194
oltorf,benwhite,1496603618,1496603755,137
oltorf,benwhite,1496588355,1496588413,58
oltorf,benwhite,1496569479,1496569596,117
oltorf,benwhite,1496593044,1496593151,107
oltorf,benwhite,1496580302,1496580398,96
oltorf,benwhite,1496591077,1496591237,160
oltorf,benwhite,1496572451,1496572588,137
oltorf,benwhite,1496588744,1496588835,91
oltorf,benwhite,1496604668,1496604794,126
oltorf,benwhite,1496599300,1496599463,163
oltorf,benwhite,1496579171,1496579261,90
oltorf,benwhite,1496591682,1496591811,129
oltorf,benwhite,1496605831,1496605906,75
oltorf,benwhite,1496604859,1496604889,30
oltorf,benwhite,1496571824,1496571865,41
oltorf,benwhite,1496590793,1496590931,138
oltorf,benwhite,1496604061,1496604138,77
oltorf,benwhite,1496609213,1496609361,148
oltorf,benwhite,1496572262,1496572425,163
oltorf,benwhite,1496580590,1496580610,20
oltorf,benwhite,1496615208,1496615235,27
oltorf,benwhite,1496603774,1496603934,160
oltorf,benwhite,1496609451,1496609535,84
oltorf,benwhite,1496611123,1496611310,187
oltorf,benwhite,1496598028,1496598216,188
oltorf,benwhite,1496573587,1496573690,103
oltorf,benwhite,1496592622,1496592715,93
oltorf,benwhite,1496601622,1496601677,55
oltorf,benwhite,1496581326,1496581428,102
oltorf,benwhite,1496595300,1496595345,45
oltorf,benwhite,1496596446,1496596604,158
oltorf,benwhite,1496581749,1496581862,113
oltorf,benwhite,1496601192,1496601269,77
oltorf,benwhite,1496587513,1496587704,191
oltorf,benwhite,1496595118,1496595187,69
oltorf,benwhite,1496599001,1496599039,38
oltorf,benwhite,1496568259,1496568386,127
oltorf,benwhite,1496595583,1496595604,21
oltorf,benwhite,1496592336,1496592513,177
oltorf,benwhite,1496602376,1496602379,3
oltorf,benwhite,1496605609,1496605666,57
oltorf,benwhite,1496574966,1496575098,132
oltorf,benwhite,1496591692,1496591818,126
oltorf,benwhite,1496613257,1496613337,80
oltorf,benwhite,1496594719,1496594747,28
oltorf,benwhite,1496592600,1496592713,113
oltorf,benwhite,1496600815,1496600897,82
oltorf,benwhite,1496571103,1496571144,41
oltorf,benwhite,1496574075,1496574188,113
oltorf,benwhite,1496618418,1496618573,155
oltorf,benwhite,1496572198,1496572337,139
oltorf,benwhite,1496584253,1496584430,177
oltorf,benwhite,1496615342,1496615485,143
oltorf,benwhite,1496574414,1496574441,27
oltorf,benwhite,1496616177,1496616338,161
oltorf,benwhite,1496595513,1496595570,57
oltorf,benwhite,1496609955,1496610122,167
oltorf,benwhite,1496612238,1496612336,98
oltorf,benwhite,1496592840,1496592874,34
oltorf,benwhite,1496587483,1496587539,56
oltorf,benwhite,1496571430,1496571544,114
oltorf,benwhite,1496594316,1496594391,75
oltorf,benwhite,1496618448,1496618591,143
oltorf,benwhite,1496573905,1496574042,137
oltorf,benwhite,1496572008,1496572129,121
oltorf,benwhite,1496603170,1496603220,50
oltorf,benwhite,1496568751,1496568805,54
oltorf,benwhite,1496600297,1496600495,198
oltorf,benwhite,1496587620,1496587687,67
oltorf,benwhite,1496593179,1496593278,99
oltorf,benwhite,1496599539,1496599625,86
oltorf,benwhite,1496602779,1496602978,199
oltorf,benwhite,1496611008,1496611045,37
oltorf,benwhite,1496583453,1496583623,170
oltorf,benwhite,1496588460,1496588568,108
oltorf,benwhite,1496591104,1496591204,100
oltorf,benwhite,1496615754,1496615772,18
oltorf,benwhite,1496590122,1496590133,11
oltorf,benwhite,1496610306,1496610491,185
oltorf,benwhite,1496584793,1496584965,172
oltorf,benwhite,1496616417,1496616565,148
oltorf,benwhite,1496603113,1496603259,146
oltorf,benwhite,1496568634,1496568756,122
oltorf,benwhite,1496568788,1496568809,21
oltorf,benwhite,1496610008,1496610102,94
oltorf,benwhite,1496579243,1496579384,141
oltorf,benwhite,1496609646,1496609747,101
oltorf,benwhite,1496582702,1496582816,114
oltorf,benwhite,1496599464,1496599548,84
oltorf,benwhite,1496580999,1496581142,143
oltorf,benwhite,1496602665,1496602748,83
oltorf,benwhite,1496612074,1496612260,186
oltorf,benwhite,1496569303,1496569485,182
oltorf,benwhite,1496596793,1496596909,116
oltorf,benwhite,1496618362,1496618512,150
oltorf,benwhite,1496572801,1496572846,45
oltorf,benwhite,1496589835,1496589839,4
oltorf,benwhite,1496609700,1496609829,129
oltorf,benwhite,1496615869,1496616055,186
oltorf,benwhite,1496571345,1496571426,81
oltorf,benwhite,1496606484,1496606606,122
oltorf,benwhite,1496584675,1496584717,42
oltorf,benwhite,1496613910,1496613995,85
oltorf,benwhite,1496568391,1496568473,82
oltorf,benwhite,1496601467,1496601652,185
oltorf,benwhite,1496618093,1496618286,193
oltorf,benwhite,1496602264,1496602340,76
oltorf,benwhite,1496584192,1496584299,107
oltorf,benwhite,1496568215,1496568361,146
oltorf,benwhite,1496573473,1496573656,183
oltorf,benwhite,1496611812,1496611943,131
oltorf,benwhite,1496611200,1496611265,65
oltorf,benwhite,1496615812,1496615905,93
oltorf,benwhite,1496594050,1496594189,139
oltorf,benwhite,1496612317,1496612411,94
oltorf,benwhite,1496609558,1496609683,125
oltorf,benwhite,1496591008,1496591172,164
oltorf,benwhite,1496598126,1496598312,186
oltorf,benwhite,1496583586,1496583617,31
oltorf,benwhite,1496584840,1496584996,156
oltorf,benwhite,1496616491,1496616583,92
oltorf,benwhite,1496589658,1496589761,103
oltorf,benwhite,1496582002,1496582180,178
oltorf,benwhite,1496618233,1496618292,59
oltorf,benwhite,1496606195,1496606293,98
oltorf,benwhite,1496593560,1496593642,82
oltorf,benwhite,1496568771,1496568835,64
oltorf,benwhite,1496571985,1496572144,159
oltorf,benwhite,1496590390,1496590556,166
oltorf,benwhite,1496590463,1496590505,42
oltorf,benwhite,1496596362,1496596484,122
oltorf,benwhite,1496575475,1496575587,112
oltorf,benwhite,1496596767,1496596926,159
oltorf,benwhite,1496612599,1496612797,198
oltorf,benwhite,1496585683,1496585756,73
oltorf,benwhite,1496581373,1496581514,141
oltorf,benwhite,1496570296,1496570428,132
oltorf,benwhite,1496600711,1496600824,113
oltorf,benwhite,1496568263,1496568335,72
oltorf,benwhite,1496583395,1496583424,29
oltorf,benwhite,1496573079,1496573198,119
oltorf,benwhite,1496582336,1496582460,124
oltorf,benwhite,1496610134,1496610156,22
oltorf,benwhite,1496569665,1496569839,174
oltorf,benwhite,1496568795,1496568912,117
oltorf,benwhite,1496594665,1496594668,3
oltorf,benwhite,1496570101,1496570129,28
oltorf,benwhite,1496610839,1496610970,131
oltorf,benwhite,1496606852,1496606891,39
oltorf,benwhite,1496601433,1496601510,77
oltorf,benwhite,1496614065,1496614073,8
oltorf,benwhite,1496609757,1496609786,29
oltorf,benwhite,1496575554,1496575663,109
oltorf,benwhite,1496569322,1496569448,126
oltorf,benwhite,1496607503,1496607553,50
oltorf,benwhite,1496611267,1496611299,32
oltorf,benwhite,1496591506,1496591551,45
oltorf,benwhite,1496580086,1496580211,125
oltorf,benwhite,1496597816,1496597951,135
oltorf,benwhite,1496612989,1496613035,46
oltorf,benwhite,1496602729,1496602769,40
oltorf,benwhite,1496617972,1496618054,82
oltorf,benwhite,1496618082,1496618237,155
oltorf,benwhite,1496613375,1496613552,177
oltorf,benwhite,1496571568,1496571685,117
oltorf,benwhite,1496607061,1496607085,24
oltorf,benwhite,1496599344,1496599531,187
oltorf,benwhite,1496618183,1496618380,197
oltorf,benwhite,1496586976,1496586994,18
oltorf,benwhite,1496609894,1496610012,118
oltorf,benwhite,1496614481,1496614538,57
oltorf,benwhite,1496590784,1496590878,94
oltorf,benwhite,1496608022,1496608044,22
oltorf,benwhite,1496607102,1496607300,198
oltorf,benwhite,1496604290,1496604478,188
oltorf,benwhite,1496571896,1496571945,49
oltorf,benwhite,1496595598,1496595711,113
oltorf,benwhite,1496612891,1496613033,142
oltorf,benwhite,1496584268,1496584388,120
oltorf,benwhite,1496575046,1496575182,136
oltorf,benwhite,1496574592,1496574708,116
oltorf,benwhite,1496590644,1496590699,55
oltorf,benwhite,1496590762,1496590946,184
oltorf,benwhite,1496584518,1496584621,103
oltorf,benwhite,1496602788,1496602823,35
oltorf,benwhite,1496592027,1496592187,160
oltorf,benwhite,1496606848,1496606950,102
oltorf,benwhite,1496568983,1496569148,165
oltorf,benwhite,1496576733,1496576931,198
oltorf,benwhite,1496585611,1496585774,163
oltorf,benwhite,1496584199,1496584352,153
oltorf,benwhite,1496604018,1496604078,60
oltorf,benwhite,1496593271,1496593328,57
oltorf,benwhite,1496616917,1496616937,20
oltorf,benwhite,1496577391,1496577464,73
oltorf,benwhite,1496602020,1496602153,133
oltorf,benwhite,1496570233,1496570403,170
oltorf,benwhite,1496613392,1496613430,38
oltorf,benwhite,1496568229,1496568233,4
oltorf,benwhite,1496571261,1496571437,176
oltorf,benwhite,1496590230,1496590248,18
oltorf,benwhite,1496586855,1496586924,69
oltorf,benwhite,1496599021,1496599212,191
oltorf,benwhite,1496604571,1496604647,76
oltorf,benwhite,1496582634,1496582673,39
oltorf,benwhite,1496577386,1496577489,103
oltorf,benwhite,1496589111,1496589186,75
oltorf,benwhite,1496573097,1496573260,163
oltorf,benwhite,1496609550,1496609742,192
oltorf,benwhite,1496616150,1496616296,146
oltorf,benwhite,1496584652,1496584721,69
oltorf,benwhite,1496571791,1496571803,12
oltorf,benwhite,1496616248,1496616248,0
oltorf,benwhite,1496614010,1496614133,123
oltorf,benwhite,1496585454,1496585478,24
oltorf,benwhite,1496614570,1496614579,9
oltorf,benwhite,1496606055,1496606235,180
oltorf,benwhite,1496576013,1496576041,28
oltorf,benwhite,1496614294,1496614325,31
oltorf,benwhite,1496600123,1496600234,111
oltorf,benwhite,1496598104,1496598202,98
oltorf,benwhite,1496615125,1496615207,82
oltorf,benwhite,1496599724,1496599885,161
oltorf,benwhite,1496595641,1496595810,169
oltorf,benwhite,1496576527,1496576541,14
oltorf,benwhite,1496573054,1496573093,39
oltorf,benwhite,1496610376,1496610533,157
oltorf,benwhite,1496605200,1496605330,130
oltorf,benwhite,1496581386,1496581424,38
oltorf,benwhite,1496616549,1496616657,108
oltorf,benwhite,1496573936,1496573968,32
oltorf,benwhite,1496570759,1496570800,41
oltorf,benwhite,1496604319,1496604332,13
oltorf,benwhite,1496599254,1496599345,91
oltorf,benwhite,1496570096,1496570167,71
oltorf,benwhite,1496607889,1496608039,150
oltorf,benwhite,1496594913,1496594974,61
oltorf,benwhite,1496581542,1496581678,136
oltorf,benwhite,1496597496,1496597629,133
oltorf,benwhite,1496596693,1496596738,45
oltorf,benwhite,1496611269,1496611468,199
oltorf,benwhite,1496612510,1496612518,8
oltorf,benwhite,1496570614,1496570636,22
oltorf,benwhite,1496576373,1496576490,117
oltorf,benwhite,1496570344,1496570504,160
oltorf,benwhite,1496606744,1496606828,84
oltorf,benwhite,1496600422,1496600471,49
oltorf,benwhite,1496594490,1496594572,82
oltorf,benwhite,1496586899,1496586919,20
oltorf,benwhite,1496603316,1496603514,198
oltorf,benwhite,1496569851,1496569979,128
oltorf,benwhite,1496578185,1496578236,51
oltorf,benwhite,1496573311,1496573473,162
oltorf,benwhite,1496584086,1496584150,64
oltorf,benwhite,1496616332,1496616424,92
oltorf,benwhite,1496603516,1496603684,168
oltorf,benwhite,1496570769,1496570851,82
oltorf,benwhite,1496572168,1496572366,198
oltorf,benwhite,1496590865,1496590988,123
oltorf,benwhite,1496569500,1496569503,3
oltorf,benwhite,1496590323,1496590327,4
oltorf,benwhite,1496588429,1496588588,159
oltorf,benwhite,1496571011,1496571143,132
oltorf,benwhite,1496581738,1496581746,8
oltorf,benwhite,1496595634,1496595661,27
oltorf,benwhite,1496582439,1496582572,133
oltorf,benwhite,1496605436,1496605579,143
oltorf,benwhite,1496591558,1496591697,139
oltorf,benwhite,1496616871,1496616949,78
oltorf,benwhite,1496588517,1496588638,121
oltorf,benwhite,1496610211,1496610391,180
oltorf,benwhite,1496596693,1496596824,131
oltorf,benwhite,1496598377,1496598449,72
oltorf,benwhite,1496600292,1496600309,17
oltorf,benwhite,1496579376,1496579497,121
oltorf,benwhite,1496608937,1496609050,113
oltorf,benwhite,1496601789,1496601863,74
oltorf,benwhite,1496618235,1496618276,41
oltorf,benwhite,1496611318,1496611497,179
oltorf,benwhite,1496572449,1496572626,177
oltorf,benwhite,1496611450,1496611571,121
oltorf,benwhite,1496580816,1496580816,0
oltorf,benwhite,1496585671,1496585796,125
oltorf,benwhite,1496569229,1496569271,42
oltorf,benwhite,1496580040,1496580063,23
oltorf,benwhite,1496580145,1496580256,111
oltorf,benwhite,1496591685,1496591848,163
oltorf,benwhite,1496576832,1496576947,115
oltorf,benwhite,1496613593,1496613599,6
oltorf,benwhite,1496594646,1496594697,51
oltorf,benwhite,1496605156,1496605241,85
oltorf,benwhite,1496578689,1496578780,91
oltorf,benwhite,1496585934,1496586060,126
oltorf,benwhite,1496585731,1496585845,114
oltorf,benwhite,1496589848,1496590011,163
oltorf,benwhite,1496592839,1496592969,130
oltorf,benwhite,1496587988,1496587995,7
oltorf,benwhite,1496573059,1496573248,189
oltorf,benwhite,1496583387,1496583390,3
oltorf,benwhite,1496600995,1496601053,58
oltorf,benwhite,1496588314,1496588321,7
oltorf,benwhite,1496584967,1496584994,27
oltorf,benwhite,1496594081,1496594164,83
oltorf,benwhite,1496568607,1496568708,101
oltorf,benwhite,1496593941,1496594118,177
oltorf,benwhite,1496606114,1496606223,109
oltorf,benwhite,1496604550,1496604571,21
oltorf,benwhite,1496594252,1496594287,35
oltorf,benwhite,1496584283,1496584337,54
oltorf,benwhite,1496595436,1496595527,91
oltorf,benwhite,1496617214,1496617323,109
oltorf,benwhite,1496604562,1496604643,81
oltorf,benwhite,1496581161,1496581313,152
oltorf,benwhite,1496606508,1496606571,63
oltorf,benwhite,1496610407,1496610462,55
oltorf,benwhite,1496600538,1496600674,136
oltorf,benwhite,1496588856,1496589030,174
oltorf,benwhite,1496578275,1496578388,113
oltorf,benwhite,1496603500,1496603603,103
oltorf,benwhite,1496594633,1496594821,188
oltorf,benwhite,1496587887,1496588028,141
oltorf,benwhite,1496597913,1496598002,89
oltorf,benwhite,1496579606,1496579654,48
oltorf,benwhite,1496618398,1496618399,1
oltorf,benwhite,1496609990,1496610063,73
oltorf,benwhite,1496577694,1496577863,169
oltorf,benwhite,1496598966,1496598996,30
oltorf,benwhite,1496599879,1496600023,144
oltorf,benwhite,1496587951,1496588068,117
oltorf,benwhite,1496574735,1496574859,124
oltorf,benwhite,1496613388,1496613413,25
oltorf,benwhite,1496581063,1496581113,50
oltorf,benwhite,1496602217,1496602240,23
oltorf,benwhite,1496570620,1496570705,85
oltorf,benwhite,1496576517,1496576641,124
oltorf,benwhite,1496579298,1496579404,106
oltorf,benwhite,1496579328,1496579459,131
oltorf,benwhite,1496574641,1496574701,60
oltorf,benwhite,1496569047,1496569053,6
oltorf,benwhite,1496602120,1496602317,197
oltorf,benwhite,1496608598,1496608695,97
oltorf,benwhite,1496594397,1496594397,0
oltorf,benwhite,1496614281,1496614452,171
oltorf,benwhite,1496605294,1496605361,67
oltorf,benwhite,1496580612,1496580687,75
oltorf,benwhite,1496574307,1496574431,124
oltorf,benwhite,1496593437,1496593484,47
oltorf,benwhite,1496585164,1496585257,93
oltorf,benwhite,1496582421,1496582490,69
oltorf,benwhite,1496592600,1496592788,188
oltorf,benwhite,1496614575,1496614636,61
oltorf,benwhite,1496597508,1496597582,74
oltorf,benwhite,1496585317,1496585442,125
oltorf,benwhite,1496597076,1496597270,194
oltorf,benwhite,1496579302,1496579481,179
oltorf,benwhite,1496593938,1496594022,84
oltorf,benwhite,1496609653,1496609725,72
oltorf,benwhite,1496569486,1496569563,77
oltorf,benwhite,1496613657,1496613825,168
oltorf,benwhite,1496569845,1496569916,71
oltorf,benwhite,1496572612,1496572800,188
oltorf,benwhite,1496577835,1496577871,36
oltorf,benwhite,1496574450,1496574517,67
oltorf,benwhite,1496596440,1496596598,158
oltorf,benwhite,1496587547,1496587618,71
oltorf,benwhite,1496581733,1496581759,26
oltorf,benwhite,1496579175,1496579244,69
oltorf,benwhite,1496602522,1496602563,41
oltorf,benwhite,1496587882,1496588009,127
oltorf,benwhite,1496598978,1496599025,47
oltorf,benwhite,1496592919,1496593005,86
oltorf,benwhite,1496595583,1496595731,148
oltorf,benwhite,1496616714,1496616910,196
oltorf,benwhite,1496613483,1496613539,56
oltorf,benwhite,1496614316,1496614369,53
oltorf,benwhite,1496582559,1496582708,149
oltorf,benwhite,1496609444,1496609541,97
oltorf,benwhite,1496606002,1496606133,131
oltorf,benwhite,1496569451,1496569462,11
oltorf,benwhite,1496573338,1496573372,34
oltorf,benwhite,1496616965,1496617012,47
oltorf,benwhite,1496589101,1496589297,196
oltorf,benwhite,1496580243,1496580385,142
oltorf,benwhite,1496588914,1496588996,82
oltorf,benwhite,1496570240,1496570411,171
oltorf,benwhite,1496571932,1496572006,74
oltorf,benwhite,1496593662,1496593682,20
oltorf,benwhite,1496587344,1496587446,102
oltorf,benwhite,1496590219,1496590221,2
oltorf,benwhite,1496600376,1496600465,89
oltorf,benwhite,1496603197,1496603265,68
oltorf,benwhite,1496588130,1496588165,35
oltorf,benwhite,1496578395,1496578569,174
oltorf,benwhite,1496575714,1496575752,38
oltorf,benwhite,1496601262,1496601302,40
oltorf,benwhite,1496590979,1496591063,84
oltorf,benwhite,1496598382,1496598411,29
oltorf,benwhite,1496588157,1496588346,189
oltorf,benwhite,1496602084,1496602175,91
oltorf,benwhite,1496609284,1496609331,47
oltorf,benwhite,1496606297,1496606433,136
oltorf,benwhite,1496614667,1496614862,195
oltorf,benwhite,1496597411,1496597451,40
oltorf,benwhite,1496612141,1496612258,117
oltorf,benwhite,1496612462,1496612487,25
oltorf,benwhite,1496576563,1496576586,23
oltorf,benwhite,1496576134,1496576236,102
oltorf,benwhite,1496579011,1496579106,95
oltorf,benwhite,1496613289,1496613406,117
oltorf,benwhite,1496585684,1496585769,85
oltorf,benwhite,1496618391,1496618542,151
oltorf,benwhite,1496609825,1496610007,182
oltorf,benwhite,1496570348,1496570407,59
oltorf,benwhite,1496587886,1496587972,86
oltorf,benwhite,1496580095,1496580245,150
oltorf,benwhite,1496602204,1496602342,138
oltorf,benwhite,1496586724,1496586923,199
oltorf,benwhite,1496616713,1496616784,71
oltorf,benwhite,1496589611,1496589725,114
oltorf,benwhite,1496605695,1496605768,73
oltorf,benwhite,1496589728,1496589890,162
oltorf,benwhite,1496574490,1496574675,185
oltorf,benwhite,1496616031,1496616058,27
oltorf,benwhite,1496606986,1496606992,6
oltorf,benwhite,1496603556,1496603693,137
oltorf,benwhite,1496607922,1496608032,110
oltorf,benwhite,1496585790,1496585838,48
oltorf,benwhite,1496585636,1496585822,186
oltorf,benwhite,1496611872,1496612025,153
oltorf,benwhite,1496598456,1496598580,124
oltorf,benwhite,1496585452,1496585498,46
oltorf,benwhite,1496589594,1496589774,180
oltorf,benwhite,1496613011,1496613149,138
oltorf,benwhite,1496614057,1496614061,4
oltorf,benwhite,1496568325,1496568501,176
oltorf,benwhite,1496617889,1496618063,174
oltorf,benwhite,1496586019,1496586038,19
oltorf,benwhite,1496584476,1496584611,135
oltorf,benwhite,1496592688,1496592845,157
oltorf,benwhite,1496616814,1496616862,48
oltorf,benwhite,1496582346,1496582535,189
oltorf,benwhite,1496607589,1496607781,192
oltorf,benwhite,1496578588,1496578725,137
oltorf,benwhite,1496599402,1496599494,92
oltorf,benwhite,1496602532,1496602598,66
oltorf,benwhite,1496569273,1496569386,113
oltorf,benwhite,1496603707,1496603853,146
oltorf,benwhite,1496601595,1496601730,135
oltorf,benwhite,1496583441,1496583537,96
oltorf,benwhite,1496600706,1496600724,18
oltorf,benwhite,1496598446,1496598486,40
oltorf,benwhite,1496597723,1496597844,121
oltorf,benwhite,1496618135,1496618203,68
oltorf,benwhite,1496577618,1496577730,112
oltorf,benwhite,1496574289,1496574445,156
oltorf,benwhite,1496574672,1496574770,98
oltorf,benwhite,1496589640,1496589661,21
oltorf,benwhite,1496617868,1496617877,9
oltorf,benwhite,1496608730,1496608863,133
oltorf,benwhite,1496582322,1496582485,163
oltorf,benwhite,1496572060,1496572124,64
oltorf,benwhite,1496577864,1496577921,57
oltorf,benwhite,1496577054,1496577223,169
oltorf,benwhite,1496572865,1496572875,10
oltorf,benwhite,1496568638,1496568655,17
oltorf,benwhite,1496611947,1496611999,52
oltorf,benwhite,1496607193,1496607354,161
oltorf,benwhite,1496591489,1496591623,134
oltorf,benwhite,1496589091,1496589095,4
oltorf,benwhite,1496605517,1496605580,63
oltorf,benwhite,1496597295,1496597343,48
oltorf,benwhite,1496616693,1496616857,164
oltorf,benwhite,1496577962,1496578072,110
oltorf,benwhite,1496592718,1496592845,127
oltorf,benwhite,1496608784,1496608937,153
oltorf,benwhite,1496594526,1496594644,118
oltorf,benwhite,1496585726,1496585745,19
oltorf,benwhite,1496601104,1496601274,170
oltorf,benwhite,1496603166,1496603307,141
oltorf,benwhite,1496581599,1496581703,104
oltorf,benwhite,1496581031,1496581230,199
oltorf,benwhite,1496578850,1496578853,3
oltorf,benwhite,1496603698,1496603855,157
oltorf,benwhite,1496574572,1496574727,155
oltorf,benwhite,1496587199,1496587253,54
oltorf,benwhite,1496615827,1496615901,74
oltorf,benwhite,1496614417,1496614550,133
oltorf,benwhite,1496601304,1496601392,88
oltorf,benwhite,1496608057,1496608167,110
oltorf,benwhite,1496582212,1496582227,15
oltorf,benwhite,1496591165,1496591253,88
oltorf,benwhite,1496596517,1496596607,90
oltorf,benwhite,1496595710,1496595809,99
oltorf,benwhite,1496586989,1496587084,95
oltorf,benwhite,1496592481,1496592607,126
oltorf,benwhite,1496608867,1496608868,1
oltorf,benwhite,1496590184,1496590206,22
oltorf,benwhite,1496580896,1496580923,27
oltorf,benwhite,1496574712,1496574900,188
oltorf,benwhite,1496575228,1496575408,180
oltorf,benwhite,1496609592,1496609618,26
oltorf,benwhite,1496593482,1496593536,54
oltorf,benwhite,1496587113,1496587265,152
oltorf,benwhite,1496602696,1496602700,4
oltorf,benwhite,1496588812,1496588850,38
oltorf,benwhite,1496588303,1496588356,53
oltorf,benwhite,1496613093,1496613221,128
oltorf,benwhite,1496616689,1496616702,13
oltorf,benwhite,1496577262,1496577382,120
oltorf,benwhite,1496571695,1496571760,65
oltorf,benwhite,1496594050,1496594186,136
oltorf,benwhite,1496573246,1496573406,160
oltorf,benwhite,1496598844,1496598859,15
oltorf,benwhite,1496599602,1496599686,84
oltorf,benwhite,1496612738,1496612755,17
oltorf,benwhite,1496603180,1496603358,178
oltorf,benwhite,1496594249,1496594329,80
oltorf,benwhite,1496597615,1496597757,142
oltorf,benwhite,1496582993,1496583144,151
oltorf,benwhite,1496583017,1496583188,171
oltorf,benwhite,1496592557,1496592635,78
oltorf,benwhite,1496613461,1496613522,61
oltorf,benwhite,1496616928,1496617016,88
oltorf,benwhite,1496591274,1496591357,83
oltorf,benwhite,1496577765,1496577855,90
oltorf,benwhite,1496593455,1496593485,30
oltorf,benwhite,1496617979,1496618106,127
oltorf,benwhite,1496587611,1496587620,9
oltorf,benwhite,1496608070,1496608130,60
oltorf,benwhite,1496591399,1496591442,43
oltorf,benwhite,1496616741,1496616779,38
oltorf,benwhite,1496589731,1496589755,24
oltorf,benwhite,1496585145,1496585235,90
oltorf,benwhite,1496581491,1496581667,176
oltorf,benwhite,1496614947,1496615031,84
oltorf,benwhite,1496583934,1496584018,84
oltorf,benwhite,1496603396,1496603531,135
oltorf,benwhite,1496594170,1496594183,13
oltorf,benwhite,1496601171,1496601184,13
oltorf,benwhite,1496590937,1496591024,87
oltorf,benwhite,1496600914,1496600943,29
oltorf,benwhite,1496585311,1496585371,60
oltorf,benwhite,1496614583,1496614681,98
oltorf,benwhite,1496580114,1496580200,86
oltorf,benwhite,1496570874,1496570903,29
oltorf,benwhite,1496589317,1496589356,39
oltorf,benwhite,1496573444,1496573536,92
oltorf,benwhite,1496607805,1496607981,176
oltorf,benwhite,1496580971,1496581069,98
oltorf,benwhite,1496599010,1496599103,93
oltorf,benwhite,1496610449,1496610603,154
oltorf,benwhite,1496599792,1496599894,102
oltorf,benwhite,1496581201,1496581229,28
oltorf,benwhite,1496574440,1496574492,52
oltorf,benwhite,1496617379,1496617511,132
oltorf,benwhite,1496598928,1496599054,126
oltorf,benwhite,1496571082,1496571276,194
oltorf,benwhite,1496608077,1496608085,8
oltorf,benwhite,1496604200,1496604366,166
oltorf,benwhite,1496596271,1496596277,6
oltorf,benwhite,1496604415,1496604558,143
oltorf,benwhite,1496576236,1496576257,21
oltorf,benwhite,1496618380,1496618525,145
oltorf,benwhite,1496593286,1496593437,151
oltorf,benwhite,1496568442,1496568571,129
oltorf,benwhite,1496580598,1496580654,56
oltorf,benwhite,1496597347,1496597367,20
oltorf,benwhite,1496581095,1496581226,131
oltorf,benwhite,1496582997,1496583125,128
oltorf,benwhite,1496591818,1496591861,43
oltorf,benwhite,1496614397,1496614529,132
oltorf,benwhite,1496600908,1496600933,25
oltorf,benwhite,1496608080,1496608171,91
oltorf,benwhite,1496584157,1496584342,185
oltorf,benwhite,1496602675,1496602850,175
oltorf,benwhite,1496580347,1496580394,47
oltorf,benwhite,1496600966,1496601003,37
oltorf,benwhite,1496613211,1496613263,52
oltorf,benwhite,1496607416,1496607532,116
oltorf,benwhite,1496609042,1496609066,24
oltorf,benwhite,1496594881,1496594997,116
oltorf,benwhite,1496599260,1496599410,150
oltorf,benwhite,1496571465,1496571522,57
oltorf,benwhite,1496601561,1496601710,149
oltorf,benwhite,1496592233,1496592406,173
oltorf,benwhite,1496585971,1496586127,156
oltorf,benwhite,1496572352,1496572393,41
oltorf,benwhite,1496603530,1496603575,45
oltorf,benwhite,1496593144,1496593223,79
oltorf,benwhite,1496614686,1496614869,183
oltorf,benwhite,1496607965,1496608043,78
oltorf,benwhite,1496618145,1496618277,132
oltorf,benwhite,1496594447,1496594575,128
oltorf,benwhite,1496568941,1496569062,121
oltorf,benwhite,1496614692,1496614834,142
oltorf,benwhite,1496576335,1496576391,56
oltorf,benwhite,1496611526,1496611600,74
oltorf,benwhite,1496583123,1496583173,50
oltorf,benwhite,1496568188,1496568297,109
oltorf,benwhite,1496589766,1496589807,41
oltorf,benwhite,1496570098,1496570170,72
oltorf,benwhite,1496586503,1496586680,177
oltorf,benwhite,1496589151,1496589216,65
oltorf,benwhite,1496596461,1496596543,82
oltorf,benwhite,1496568887,1496569074,187
oltorf,benwhite,1496601160,1496601210,50
oltorf,benwhite,1496602096,1496602117,21
oltorf,benwhite,1496600678,1496600826,148
oltorf,benwhite,1496608204,1496608307,103
oltorf,benwhite,1496609389,1496609448,59
oltorf,benwhite,1496603291,1496603437,146
oltorf,benwhite,1496602110,1496602225,115
oltorf,benwhite,1496613553,1496613724,171
oltorf,benwhite,1496614104,1496614280,176
oltorf,benwhite,1496592935,1496592969,34
oltorf,benwhite,1496568174,1496568280,106
oltorf,benwhite,1496588517,1496588628,111
oltorf,benwhite,1496608115,1496608290,175
oltorf,benwhite,1496574585,1496574643,58
oltorf,benwhite,1496610742,1496610894,152
oltorf,benwhite,1496593713,1496593783,70
oltorf,benwhite,1496598989,1496599044,55
oltorf,benwhite,1496581195,1496581292,97
oltorf,benwhite,1496570112,1496570157,45
oltorf,benwhite,1496571084,1496571219,135
oltorf,benwhite,1496607678,1496607844,166
oltorf,benwhite,1496618181,1496618270,89
oltorf,benwhite,1496582908,1496582918,10
oltorf,benwhite,1496599658,1496599762,104
oltorf,benwhite,1496583149,1496583269,120
oltorf,benwhite,1496579762,1496579904,142
oltorf,benwhite,1496580329,1496580519,190
oltorf,benwhite,1496601903,1496601948,45
oltorf,benwhite,1496617936,1496618044,108
oltorf,benwhite,1496592210,1496592330,120
oltorf,benwhite,1496587135,1496587211,76
oltorf,benwhite,1496578232,1496578358,126
oltorf,benwhite,1496588218,1496588415,197
oltorf,benwhite,1496588989,1496589004,15
oltorf,benwhite,1496617610,1496617633,23
oltorf,benwhite,1496594170,1496594219,49
oltorf,benwhite,1496597979,1496598177,198
oltorf,benwhite,1496583211,1496583354,143
oltorf,benwhite,1496599515,1496599595,80
oltorf,benwhite,1496596697,1496596884,187
oltorf,benwhite,1496591783,1496591866,83
oltorf,benwhite,1496616071,1496616139,68
oltorf,benwhite,1496607828,1496607949,121
oltorf,benwhite,1496572913,1496573060,147
oltorf,benwhite,1496582415,1496582470,55
oltorf,benwhite,1496596012,1496596163,151
oltorf,benwhite,1496610611,1496610698,87
oltorf,benwhite,1496601419,1496601562,143
oltorf,benwhite,1496599935,1496599948,13
oltorf,benwhite,1496584619,1496584741,122
oltorf,benwhite,1496603015,1496603131,116
oltorf,benwhite,1496603768,1496603850,82
oltorf,benwhite,1496595009,1496595187,178
oltorf,benwhite,1496591872,1496592018,146
oltorf,benwhite,1496603771,1496603948,177
oltorf,benwhite,1496600366,1496600545,179
oltorf,benwhite,1496579082,1496579259,177
oltorf,benwhite,1496575820,1496575859,39
oltorf,benwhite,1496574157,1496574195,38
oltorf,benwhite,1496606099,1496606193,94
oltorf,benwhite,1496616329,1496616513,184
oltorf,benwhite,1496586502,1496586529,27
oltorf,benwhite,1496573208,1496573217,9
oltorf,benwhite,1496575052,1496575217,165
oltorf,benwhite,1496594768,1496594929,161
oltorf,benwhite,1496598937,1496599041,104
oltorf,benwhite,1496603116,1496603259,143
oltorf,benwhite,1496605117,1496605242,125
oltorf,benwhite,1496597795,1496597969,174
oltorf,benwhite,1496610593,1496610735,142
oltorf,benwhite,1496594213,1496594320,107
oltorf,benwhite,1496581155,1496581297,142
oltorf,benwhite,1496597166,1496597351,185
oltorf,benwhite,1496576178,1496576220,42
oltorf,benwhite,1496582519,1496582632,113
oltorf,benwhite,1496615941,1496616033,92
oltorf,benwhite,1496588219,1496588237,18
oltorf,benwhite,1496571947,1496572002,55
oltorf,benwhite,1496608245,1496608247,2
oltorf,benwhite,1496580355,1496580523,168
oltorf,benwhite,1496578536,1496578672,136
oltorf,benwhite,1496586048,1496586174,126
oltorf,benwhite,1496580643,1496580775,132
oltorf,benwhite,1496593457,1496593572,115
oltorf,benwhite,1496592990,1496593028,38
oltorf,benwhite,1496613909,1496613970,61
oltorf,benwhite,1496595674,1496595739,65
oltorf,benwhite,1496586879,1496586946,67
oltorf,benwhite,1496578968,1496579164,196
oltorf,benwhite,1496603055,1496603253,198
oltorf,benwhite,1496569201,1496569221,20
oltorf,benwhite,1496615310,1496615456,146
oltorf,benwhite,1496577232,1496577415,183
oltorf,benwhite,1496585831,1496585887,56
oltorf,benwhite,1496599003,1496599107,104
oltorf,benwhite,1496591356,1496591510,154
oltorf,benwhite,1496597832,1496597901,69
oltorf,benwhite,1496616374,1496616534,160
oltorf,benwhite,1496587966,1496588112,146
oltorf,benwhite,1496614231,1496614291,60
oltorf,benwhite,1496568355,1496568441,86
oltorf,benwhite,1496602446,1496602529,83
oltorf,benwhite,1496608007,1496608070,63
oltorf,benwhite,1496614014,1496614022,8
oltorf,benwhite,1496610089,1496610094,5
oltorf,benwhite,1496580925,1496580995,70
oltorf,benwhite,1496593236,1496593244,8
oltorf,benwhite,1496615379,1496615502,123
oltorf,benwhite,1496587235,1496587417,182
oltorf,benwhite,1496598291,1496598318,27
oltorf,benwhite,1496571704,1496571776,72
oltorf,benwhite,1496592706,1496592867,161
oltorf,benwhite,1496598341,1496598376,35
oltorf,benwhite,1496614404,1496614532,128
oltorf,benwhite,1496592286,1496592399,113
oltorf,benwhite,1496614928,1496614999,71
oltorf,benwhite,1496571603,1496571683,80
oltorf,benwhite,1496588679,1496588814,135
oltorf,benwhite,1496578315,1496578315,0
oltorf,benwhite,1496579884,1496580042,158
oltorf,benwhite,1496615889,1496616080,191
oltorf,benwhite,1496591216,1496591258,42
oltorf,benwhite,1496583379,1496583402,23
oltorf,benwhite,1496582877,1496582928,51
oltorf,benwhite,1496585796,1496585906,110
oltorf,benwhite,1496577687,1496577815,128
oltorf,benwhite,1496605485,1496605663,178
oltorf,benwhite,1496608547,1496608597,50
oltorf,benwhite,1496599774,1496599954,180
oltorf,benwhite,1496599916,1496600025,109
oltorf,benwhite,1496600278,1496600360,82
oltorf,benwhite,1496584482,1496584608,126
oltorf,benwhite,1496598389,1496598545,156
oltorf,benwhite,1496581565,1496581609,44
oltorf,benwhite,1496603402,1496603530,128
oltorf,benwhite,1496614419,1496614444,25
oltorf,benwhite,1496576511,1496576517,6
oltorf,benwhite,1496575594,1496575771,177
oltorf,benwhite,1496583964,1496584163,199
oltorf,benwhite,1496596435,1496596468,33
oltorf,benwhite,1496593073,1496593198,125
oltorf,benwhite,1496599914,1496599948,34
oltorf,benwhite,1496574893,1496575076,183
oltorf,benwhite,1496614230,1496614292,62
oltorf,benwhite,1496594830,1496594963,133
oltorf,benwhite,1496609667,1496609782,115
oltorf,benwhite,1496614877,1496614894,17
oltorf,benwhite,1496570854,1496570967,113
oltorf,benwhite,1496571874,1496571987,113
oltorf,benwhite,1496604971,1496605005,34
oltorf,benwhite,1496603213,1496603226,13
oltorf,benwhite,1496609167,1496609362,195
oltorf,benwhite,1496614505,1496614580,75
oltorf,benwhite,1496591648,1496591811,163
oltorf,benwhite,1496578935,1496578949,14
oltorf,benwhite,1496568151,1496568161,10
oltorf,benwhite,1496601271,1496601290,19
oltorf,benwhite,1496610460,1496610466,6
oltorf,benwhite,1496578913,1496579045,132
oltorf,benwhite,1496610082,1496610124,42
oltorf,benwhite,1496612317,1496612501,184
oltorf,benwhite,1496602123,1496602232,109
oltorf,benwhite,1496605899,1496606042,143
oltorf,benwhite,1496611619,1496611719,100
oltorf,benwhite,1496612268,1496612404,136
oltorf,benwhite,1496572747,1496572874,127
oltorf,benwhite,1496600624,1496600686,62
oltorf,benwhite,1496579814,1496579866,52
oltorf,benwhite,1496576664,1496576689,25
oltorf,benwhite,1496589657,1496589730,73
oltorf,benwhite,1496577401,1496577534,133
oltorf,benwhite,1496609001,1496609132,131
oltorf,benwhite,1496570576,1496570732,156
oltorf,benwhite,1496591525,1496591697,172
oltorf,benwhite,1496610723,1496610916,193
oltorf,benwhite,1496600571,1496600622,51
oltorf,benwhite,1496589594,1496589681,87
oltorf,benwhite,1496614674,1496614848,174
oltorf,benwhite,1496585218,1496585365,147
oltorf,benwhite,1496581779,1496581787,8
oltorf,benwhite,1496577634,1496577773,139
oltorf,benwhite,1496591398,1496591403,5
oltorf,benwhite,1496599575,1496599736,161
oltorf,benwhite,1496612377,1496612447,70
oltorf,benwhite,1496588980,1496588999,19
oltorf,benwhite,1496572366,1496572372,6
oltorf,benwhite,1496575323,1496575472,149
oltorf,benwhite,1496580694,1496580842,148
oltorf,benwhite,1496601654,1496601729,75
oltorf,benwhite,1496585224,1496585240,16
oltorf,benwhite,1496587332,1496587384,52
oltorf,benwhite,1496595685,1496595867,182
oltorf,benwhite,1496610719,1496610913,194
oltorf,benwhite,1496616504,1496616608,104
oltorf,benwhite,1496597832,1496598012,180
oltorf,benwhite,1496576534,1496576694,160
oltorf,benwhite,1496579960,1496580047,87
oltorf,benwhite,1496613951,1496614072,121
oltorf,benwhite,1496617004,1496617160,156
oltorf,benwhite,1496610385,1496610560,175
oltorf,benwhite,1496581105,1496581203,98
oltorf,benwhite,1496585225,1496585389,164
oltorf,benwhite,1496617470,1496617545,75
oltorf,benwhite,1496573580,1496573626,46
oltorf,benwhite,1496591066,1496591217,151
oltorf,benwhite,1496613411,1496613466,55
oltorf,benwhite,1496606010,1496606095,85
oltorf,benwhite,1496598154,1496598170,16
oltorf,benwhite,1496615002,1496615047,45
oltorf,benwhite,1496600493,1496600623,130
oltorf,benwhite,1496595066,1496595162,96
oltorf,benwhite,1496599887,1496599976,89
oltorf,benwhite,1496585230,1496585291,61
oltorf,benwhite,1496591858,1496591927,69
oltorf,benwhite,1496570352,1496570526,174
oltorf,benwhite,1496593243,1496593350,107
oltorf,benwhite,1496606164,1496606179,15
oltorf,benwhite,1496583005,1496583030,25
oltorf,benwhite,1496611121,1496611177,56
oltorf,benwhite,1496591459,1496591566,107
oltorf,benwhite,1496596994,1496597160,166
oltorf,benwhite,1496597171,1496597233,62
oltorf,benwhite,1496612404,1496612519,115
oltorf,benwhite,1496578606,1496578635,29
oltorf,benwhite,1496576792,1496576941,149
oltorf,benwhite,1496599364,1496599364,0
oltorf,benwhite,1496615560,1496615646,86
oltorf,benwhite,1496599259,1496599336,77
oltorf,benwhite,1496613460,1496613483,23
oltorf,benwhite,1496601867,1496602040,173
oltorf,benwhite,1496592061,1496592068,7
oltorf,benwhite,1496593848,1496593860,12
oltorf,benwhite,1496599432,1496599556,124
oltorf,benwhite,1496573241,1496573413,172
oltorf,benwhite,1496575939,1496576102,163
oltorf,benwhite,1496569214,1496569339,125
oltorf,benwhite,1496568693,1496568783,90
oltorf,benwhite,1496581360,1496581521,161
oltorf,benwhite,1496579430,1496579572,142
oltorf,benwhite,1496577273,1496577447,174
oltorf,benwhite,1496614138,1496614313,175
oltorf,benwhite,1496608287,1496608359,72
oltorf,benwhite,1496586660,1496586715,55
oltorf,benwhite,1496577896,1496578002,106
oltorf,benwhite,1496591317,1496591417,100
oltorf,benwhite,1496609581,1496609701,120
oltorf,benwhite,1496579621,1496579682,61
oltorf,benwhite,1496571049,1496571200,151
oltorf,benwhite,1496581768,1496581964,196
oltorf,benwhite,1496587322,1496587324,2
oltorf,benwhite,1496587349,1496587482,133
oltorf,benwhite,1496570571,1496570722,151
oltorf,benwhite,1496615246,1496615341,95
oltorf,benwhite,1496615858,1496616010,152
oltorf,benwhite,1496594762,1496594770,8
oltorf,benwhite,1496571802,1496571983,181
oltorf,benwhite,1496581755,1496581773,18
oltorf,benwhite,1496594218,1496594241,23
oltorf,benwhite,1496573365,1496573415,50
oltorf,benwhite,1496603796,1496603862,66
oltorf,benwhite,1496575838,1496575983,145
oltorf,benwhite,1496602215,1496602378,163
oltorf,benwhite,1496590997,1496591165,168
oltorf,benwhite,1496606335,1496606383,48
oltorf,benwhite,1496583420,1496583489,69
oltorf,benwhite,1496607036,1496607212,176
oltorf,benwhite,1496605806,1496605912,106
oltorf,benwhite,1496580101,1496580169,68
oltorf,benwhite,1496591414,1496591588,174
oltorf,benwhite,1496601874,1496601941,67
oltorf,benwhite,1496571279,1496571433,154
oltorf,benwhite,1496595060,1496595102,42
oltorf,benwhite,1496593995,1496594050,55
oltorf,benwhite,1496596309,1496596482,173
oltorf,benwhite,1496589500,1496589644,144
oltorf,benwhite,1496590598,1496590749,151
oltorf,benwhite,1496570040,1496570184,144
oltorf,benwhite,1496594602,1496594758,156
oltorf,benwhite,1496603732,1496603849,117
oltorf,benwhite,1496618357,1496618526,169
oltorf,benwhite,1496577240,1496577245,5
oltorf,benwhite,1496613017,1496613029,12
oltorf,benwhite,1496577799,1496577805,6
oltorf,benwhite,1496582803,1496582963,160
oltorf,benwhite,1496613770,1496613881,111
oltorf,benwhite,1496601961,1496601961,0
oltorf,benwhite,1496590090,1496590167,77
oltorf,benwhite,1496575567,1496575612,45
oltorf,benwhite,1496593795,1496593801,6
oltorf,benwhite,1496611829,1496611972,143
oltorf,benwhite,1496594934,1496595045,111
oltorf,benwhite,1496574019,1496574147,128
oltorf,benwhite,1496580683,1496580826,143
oltorf,benwhite,1496576605,1496576656,51
oltorf,benwhite,1496605387,1496605513,126
oltorf,benwhite,1496570840,1496571006,166
oltorf,benwhite,1496572644,1496572677,33
oltorf,benwhite,1496585505,1496585528,23
oltorf,benwhite,1496596635,1496596760,125
oltorf,benwhite,1496605605,1496605754,149
oltorf,benwhite,1496594599,1496594608,9
oltorf,benwhite,1496587599,1496587703,104
oltorf,benwhite,1496574930,1496575062,132
oltorf,benwhite,1496606076,1496606137,61
oltorf,benwhite,1496600067,1496600266,199
oltorf,benwhite,1496612230,1496612429,199
oltorf,benwhite,1496603892,1496603955,63
oltorf,benwhite,1496591372,1496591382,10
oltorf,benwhite,1496599063,1496599261,198
oltorf,benwhite,1496612387,1496612528,141
oltorf,benwhite,1496580738,1496580878,140
oltorf,benwhite,1496585842,1496585891,49
oltorf,benwhite,1496594330,1496594363,33
oltorf,benwhite,1496606680,1496606724,44
oltorf,benwhite,1496606725,1496606819,94
oltorf,benwhite,1496574589,1496574609,20
oltorf,benwhite,1496617576,1496617681,105
oltorf,benwhite,1496569743,1496569801,58
oltorf,benwhite,1496580782,1496580884,102
oltorf,benwhite,1496568768,1496568914,146
oltorf,benwhite,1496571676,1496571787,111
oltorf,benwhite,1496572375,1496572526,151
oltorf,benwhite,1496575864,1496575979,115
oltorf,benwhite,1496579911,1496579963,52
oltorf,benwhite,1496573517,1496573601,84
oltorf,benwhite,1496594080,1496594099,19
oltorf,benwhite,1496595486,1496595627,141
oltorf,benwhite,1496614447,1496614524,77
oltorf,benwhite,1496610867,1496611018,151
oltorf,benwhite,1496584088,1496584199,111
oltorf,benwhite,1496576035,1496576176,141
oltorf,benwhite,1496590856,1496590866,10
oltorf,benwhite,1496594913,1496595040,127
oltorf,benwhite,1496575416,1496575426,10
oltorf,benwhite,1496582247,1496582264,17
oltorf,benwhite,1496615739,1496615879,140
oltorf,benwhite,1496569536,1496569576,40
oltorf,benwhite,1496604479,1496604661,182
oltorf,benwhite,1496572527,1496572531,4
oltorf,benwhite,1496598024,1496598189,165
oltorf,benwhite,1496602953,1496603100,147
oltorf,benwhite,1496588202,1496588380,178
oltorf,benwhite,1496605353,1496605453,100
oltorf,benwhite,1496592458,1496592647,189
oltorf,benwhite,1496571719,1496571820,101
oltorf,benwhite,1496584880,1496585010,130
oltorf,benwhite,1496608809,1496608941,132
oltorf,benwhite,1496599565,1496599677,112
oltorf,benwhite,1496577601,1496577633,32
oltorf,benwhite,1496599569,1496599599,30
oltorf,benwhite,1496596366,1496596555,189
oltorf,benwhite,1496617706,1496617888,182
oltorf,benwhite,1496612466,1496612548,82
oltorf,benwhite,1496599935,1496600049,114
oltorf,benwhite,1496587967,1496588134,167
oltorf,benwhite,1496569968,1496570043,75
oltorf,benwhite,1496617590,1496617598,8
oltorf,benwhite,1496606235,1496606428,193
oltorf,benwhite,1496600233,1496600348,115
oltorf,benwhite,1496580208,1496580300,92
oltorf,benwhite,1496589069,1496589246,177
oltorf,benwhite,1496601587,1496601702,115
oltorf,benwhite,1496599544,1496599697,153
oltorf,benwhite,1496604689,1496604724,35
oltorf,benwhite,1496613779,1496613891,112
oltorf,benwhite,1496591925,1496591990,65
oltorf,benwhite,1496578540,1496578560,20
oltorf,benwhite,1496606270,1496606466,196
oltorf,benwhite,1496617612,1496617670,58
oltorf,benwhite,1496602983,1496602988,5
oltorf,benwhite,1496574633,1496574756,123
oltorf,benwhite,1496613264,1496613459,195
oltorf,benwhite,1496596377,1496596540,163
oltorf,benwhite,1496591341,1496591366,25
oltorf,benwhite,1496587518,1496587670,152
oltorf,benwhite,1496592337,1496592474,137
oltorf,benwhite,1496594256,1496594383,127
oltorf,benwhite,1496617625,1496617805,180
oltorf,benwhite,1496574816,1496574841,25
oltorf,benwhite,1496594860,1496594909,49
oltorf,benwhite,1496606504,1496606690,186
oltorf,benwhite,1496573584,1496573654,70
oltorf,benwhite,1496606920,1496607090,170
oltorf,benwhite,1496600667,1496600762,95
oltorf,benwhite,1496601605,1496601671,66
oltorf,benwhite,1496577207,1496577288,81
oltorf,benwhite,1496614029,1496614218,189
oltorf,benwhite,1496591891,1496591948,57
oltorf,benwhite,1496610658,1496610819,161
oltorf,benwhite,1496599623,1496599812,189
oltorf,benwhite,1496589438,1496589548,110
oltorf,benwhite,1496572467,1496572656,189
oltorf,benwhite,1496607169,1496607276,107
oltorf,benwhite,1496610406,1496610507,101
oltorf,benwhite,1496589971,1496590000,29
oltorf,benwhite,1496607663,1496607718,55
oltorf,benwhite,1496568897,1496569056,159
oltorf,benwhite,1496594460,1496594652,192
oltorf,benwhite,1496612100,1496612119,19
oltorf,benwhite,1496591623,1496591660,37
oltorf,benwhite,1496602040,1496602134,94
oltorf,benwhite,1496606071,1496606132,61
oltorf,benwhite,1496590186,1496590379,193
oltorf,benwhite,1496601701,1496601779,78
oltorf,benwhite,1496590988,1496591027,39
oltorf,benwhite,1496598542,1496598681,139
oltorf,benwhite,1496617749,1496617846,97
oltorf,benwhite,1496585009,1496585023,14
oltorf,benwhite,1496607196,1496607283,87
oltorf,benwhite,1496604529,1496604692,163
oltorf,benwhite,1496586013,1496586055,42
oltorf,benwhite,1496584107,1496584289,182
oltorf,benwhite,1496585393,1496585580,187
oltorf,benwhite,1496594607,1496594697,90
oltorf,benwhite,1496594109,1496594293,184
oltorf,benwhite,1496610920,1496611002,82
oltorf,benwhite,1496576065,1496576109,44
oltorf,benwhite,1496586358,1496586546,188
oltorf,benwhite,1496595339,1496595431,92
oltorf,benwhite,1496585231,1496585384,153
oltorf,benwhite,1496605327,1496605448,121
oltorf,benwhite,1496610888,1496610969,81
oltorf,benwhite,1496601559,1496601650,91
oltorf,benwhite,1496601390,1496601459,69
oltorf,benwhite,1496580294,1496580314,20
oltorf,benwhite,1496586026,1496586105,79
oltorf,benwhite,1496608936,1496609058,122
oltorf,benwhite,1496579134,1496579273,139
oltorf,benwhite,1496604983,1496605064,81
oltorf,benwhite,1496575237,1496575281,44
oltorf,benwhite,1496594711,1496594889,178
oltorf,benwhite,1496578508,1496578684,176
oltorf,benwhite,1496570185,1496570321,136
oltorf,benwhite,1496582015,1496582211,196
oltorf,benwhite,1496588971,1496589010,39
oltorf,benwhite,1496606867,1496606920,53
oltorf,benwhite,1496602098,1496602208,110
oltorf,benwhite,1496592328,1496592462,134
oltorf,benwhite,1496589856,1496589981,125
oltorf,benwhite,1496576435,1496576445,10
oltorf,benwhite,1496599103,1496599107,4
oltorf,benwhite,1496575032,1496575063,31
oltorf,benwhite,1496602329,1496602455,126
oltorf,benwhite,1496595049,1496595118,69
oltorf,benwhite,1496582734,1496582771,37
oltorf,benwhite,1496592132,1496592182,50
oltorf,benwhite,1496579823,1496579928,105
oltorf,benwhite,1496589856,1496589966,110
oltorf,benwhite,1496610655,1496610714,59
oltorf,benwhite,1496613107,1496613119,12
oltorf,benwhite,1496578996,1496579175,179
oltorf,benwhite,1496568881,1496568947,66
oltorf,benwhite,1496572938,1496572987,49
oltorf,benwhite,1496603351,1496603537,186
oltorf,benwhite,1496588271,1496588370,99
oltorf,benwhite,1496615281,1496615466,185
oltorf,benwhite,1496587406,1496587558,152
oltorf,benwhite,1496610607,1496610677,70
oltorf,benwhite,1496569888,1496570031,143
oltorf,benwhite,1496617184,1496617364,180
oltorf,benwhite,1496617151,1496617199,48
oltorf,benwhite,1496614400,1496614425,25
oltorf,benwhite,1496615757,1496615900,143
oltorf,benwhite,1496611509,1496611564,55
oltorf,benwhite,1496611087,1496611156,69
oltorf,benwhite,1496607366,1496607385,19
oltorf,benwhite,1496603979,1496604035,56
oltorf,benwhite,1496607572,1496607595,23
oltorf,benwhite,1496603721,1496603813,92
oltorf,benwhite,1496616753,1496616929,176
oltorf,benwhite,1496590604,1496590737,133
oltorf,benwhite,1496580893,1496580898,5
oltorf,benwhite,1496578108,1496578200,92
oltorf,benwhite,1496581806,1496581881,75
oltorf,benwhite,1496610202,1496610213,11
oltorf,benwhite,1496579893,1496579999,106
oltorf,benwhite,1496607032,1496607201,169
oltorf,benwhite,1496616740,1496616843,103
oltorf,benwhite,1496606702,1496606707,5
oltorf,benwhite,1496575239,1496575288,49
oltorf,benwhite,1496573808,1496573894,86
oltorf,benwhite,1496589077,1496589211,134
oltorf,benwhite,1496609992,1496609995,3
oltorf,benwhite,1496597395,1496597426,31
oltorf,benwhite,1496601442,1496601619,177
oltorf,benwhite,1496581237,1496581329,92
oltorf,benwhite,1496589180,1496589303,123
oltorf,benwhite,1496610949,1496611148,199
oltorf,benwhite,1496575855,1496576017,162
oltorf,benwhite,1496595753,1496595922,169
oltorf,benwhite,1496608347,1496608493,146
oltorf,benwhite,1496574354,1496574437,83
oltorf,benwhite,1496582824,1496582884,60
oltorf,benwhite,1496572587,1496572735,148
oltorf,benwhite,1496603532,1496603655,123
oltorf,benwhite,1496571800,1496571810,10
oltorf,benwhite,1496609665,1496609733,68
oltorf,benwhite,1496572958,1496573113,155
oltorf,benwhite,1496592987,1496593133,146
oltorf,benwhite,1496584737,1496584844,107
oltorf,benwhite,1496574576,1496574601,25
oltorf,benwhite,1496612355,1496612448,93
oltorf,benwhite,1496571994,1496572087,93
oltorf,benwhite,1496610754,1496610836,82
oltorf,benwhite,1496575304,1496575471,167
oltorf,benwhite,1496603619,1496603663,44
oltorf,benwhite,1496570847,1496570965,118
oltorf,benwhite,1496580602,1496580709,107
oltorf,benwhite,1496569621,1496569693,72
oltorf,benwhite,1496599577,1496599620,43
oltorf,benwhite,1496588463,1496588477,14
oltorf,benwhite,1496586676,1496586864,188
oltorf,benwhite,1496603860,1496603954,94
oltorf,benwhite,1496579220,1496579271,51
oltorf,benwhite,1496604217,1496604308,91
oltorf,benwhite,1496609228,1496609426,198
oltorf,benwhite,1496613038,1496613173,135
oltorf,benwhite,1496603272,1496603442,170
oltorf,benwhite,1496590920,1496590924,4
oltorf,benwhite,1496595298,1496595343,45
oltorf,benwhite,1496616040,1496616054,14
oltorf,benwhite,1496587072,1496587236,164
oltorf,benwhite,1496585754,1496585790,36
oltorf,benwhite,1496597300,1496597460,160
oltorf,benwhite,1496580007,1496580188,181
oltorf,benwhite,1496576372,1496576375,3
oltorf,benwhite,1496588579,1496588590,11
oltorf,benwhite,1496604100,1496604121,21
oltorf,benwhite,1496570024,1496570161,137
oltorf,benwhite,1496606389,1496606533,144
oltorf,benwhite,1496582951,1496583122,171
oltorf,benwhite,1496594420,1496594445,25
oltorf,benwhite,1496576576,1496576616,40
oltorf,benwhite,1496588103,1496588292,189
oltorf,benwhite,1496599655,1496599719,64
oltorf,benwhite,1496611231,1496611358,127
oltorf,benwhite,1496591320,1496591411,91
oltorf,benwhite,1496590429,1496590445,16
oltorf,benwhite,1496593610,1496593700,90
oltorf,benwhite,1496604107,1496604189,82
oltorf,benwhite,1496570439,1496570477,38
oltorf,benwhite,1496569220,1496569331,111
oltorf,benwhite,1496590708,1496590841,133
oltorf,benwhite,1496582690,1496582874,184
oltorf,benwhite,1496568684,1496568690,6
oltorf,benwhite,1496599920,1496600119,199
oltorf,benwhite,1496580335,1496580353,18
oltorf,benwhite,1496575240,1496575325,85
oltorf,benwhite,1496603204,1496603277,73
oltorf,benwhite,1496601866,1496602060,194
oltorf,benwhite,1496596083,1496596229,146
oltorf,benwhite,1496611614,1496611711,97
oltorf,benwhite,1496569609,1496569752,143
oltorf,benwhite,1496581850,1496581857,7
oltorf,benwhite,1496591681,1496591815,134
oltorf,benwhite,1496570743,1496570846,103
oltorf,benwhite,1496591050,1496591195,145
oltorf,benwhite,1496590320,1496590435,115
oltorf,benwhite,1496617916,1496618046,130
oltorf,benwhite,1496603770,1496603770,0
oltorf,benwhite,1496577729,1496577927,198
oltorf,benwhite,1496593611,1496593696,85
oltorf,benwhite,1496580091,1496580271,180
oltorf,benwhite,1496584107,1496584169,62
oltorf,benwhite,1496589505,1496589522,17
oltorf,benwhite,1496612608,1496612623,15
oltorf,benwhite,1496607573,1496607584,11
oltorf,benwhite,1496582963,1496582987,24
oltorf,benwhite,1496609375,1496609488,113
oltorf,benwhite,1496616787,1496616959,172
oltorf,benwhite,1496571676,1496571688,12
oltorf,benwhite,1496596074,1496596222,148
oltorf,benwhite,1496615273,1496615315,42
oltorf,benwhite,1496614003,1496614114,111
oltorf,benwhite,1496617926,1496618110,184
oltorf,benwhite,1496615960,1496616140,180
oltorf,benwhite,1496573811,1496573894,83
oltorf,benwhite,1496591085,1496591261,176
oltorf,benwhite,1496580939,1496580947,8
oltorf,benwhite,1496568156,1496568229,73
oltorf,benwhite,1496614244,1496614365,121
oltorf,benwhite,1496598945,1496599135,190
oltorf,benwhite,1496570732,1496570761,29
oltorf,benwhite,1496595292,1496595446,154
oltorf,benwhite,1496595812,1496595894,82
oltorf,benwhite,1496612575,1496612632,57
oltorf,benwhite,1496608066,1496608217,151
oltorf,benwhite,1496608223,1496608239,16
oltorf,benwhite,1496603365,1496603474,109
oltorf,benwhite,1496595920,1496596107,187
oltorf,benwhite,1496602360,1496602504,144
oltorf,benwhite,1496568527,1496568627,100
oltorf,benwhite,1496586105,1496586219,114
oltorf,benwhite,1496580774,1496580840,66
oltorf,benwhite,1496577957,1496578142,185
oltorf,benwhite,1496577819,1496577860,41
oltorf,benwhite,1496585516,1496585627,111
oltorf,benwhite,1496601783,1496601843,60
oltorf,benwhite,1496587818,1496587842,24
oltorf,benwhite,1496609510,1496609657,147
oltorf,benwhite,1496568446,1496568630,184
oltorf,benwhite,1496589691,1496589886,195
oltorf,benwhite,1496596645,1496596819,174
oltorf,benwhite,1496593559,1496593626,67
oltorf,benwhite,1496607497,1496607506,9
oltorf,benwhite,1496604427,1496604435,8
oltorf,benwhite,1496603445,1496603592,147
oltorf,benwhite,1496574930,1496575007,77
oltorf,benwhite,1496589778,1496589839,61
oltorf,benwhite,1496576702,1496576771,69
oltorf,benwhite,1496584706,1496584793,87
oltorf,benwhite,1496609245,1496609413,168
oltorf,benwhite,1496592402,1496592412,10
oltorf,benwhite,1496600343,1496600476,133
oltorf,benwhite,1496588520,1496588561,41
oltorf,benwhite,1496597343,1496597403,60
oltorf,benwhite,1496578171,1496578337,166
oltorf,benwhite,1496609102,1496609267,165
oltorf,benwhite,1496588150,1496588180,30
oltorf,benwhite,1496603920,1496604108,188
oltorf,benwhite,1496606465,1496606628,163
oltorf,benwhite,1496609995,1496610005,10
oltorf,benwhite,1496593450,1496593518,68
oltorf,benwhite,1496598052,1496598097,45
oltorf,benwhite,1496599060,1496599250,190
oltorf,benwhite,1496613185,1496613217,32
oltorf,benwhite,1496588285,1496588364,79
oltorf,benwhite,1496616700,1496616724,24
oltorf,benwhite,1496584143,1496584206,63
oltorf,benwhite,1496584149,1496584289,140
oltorf,benwhite,1496573877,1496573972,95
oltorf,benwhite,1496606872,1496607032,160
oltorf,benwhite,1496577583,1496577726,143
oltorf,benwhite,1496614732,1496614826,94
oltorf,benwhite,1496595957,1496595999,42
oltorf,benwhite,1496612947,1496612980,33
oltorf,benwhite,1496614396,1496614408,12
oltorf,benwhite,1496611754,1496611919,165
oltorf,benwhite,1496606351,1496606539,188
oltorf,benwhite,1496584475,1496584551,76
oltorf,benwhite,1496593146,1496593175,29
oltorf,benwhite,1496604928,1496605039,111
oltorf,benwhite,1496573496,1496573647,151
oltorf,benwhite,1496581358,1496581482,124
oltorf,benwhite,1496578470,1496578609,139
oltorf,benwhite,1496568499,1496568533,34
oltorf,benwhite,1496568247,1496568337,90
oltorf,benwhite,1496607942,1496607985,43
oltorf,benwhite,1496596222,1496596376,154
oltorf,benwhite,1496615669,1496615844,175
oltorf,benwhite,1496600101,1496600117,16
oltorf,benwhite,1496605900,1496606000,100
oltorf,benwhite,1496575468,1496575510,42
oltorf,benwhite,1496572085,1496572127,42
oltorf,benwhite,1496586136,1496586137,1
oltorf,benwhite,1496594222,1496594384,162
oltorf,benwhite,1496595201,1496595218,17
oltorf,benwhite,1496603342,1496603426,84
oltorf,benwhite,1496605032,1496605068,36
oltorf,benwhite,1496587346,1496587470,124
oltorf,benwhite,1496577148,1496577329,181
oltorf,benwhite,1496600194,1496600318,124
oltorf,benwhite,1496602819,1496602866,47
oltorf,benwhite,1496573899,1496573986,87
oltorf,benwhite,1496613500,1496613571,71
oltorf,benwhite,1496575774,1496575830,56
oltorf,benwhite,1496605201,1496605356,155
oltorf,benwhite,1496616796,1496616875,79
oltorf,benwhite,1496569469,1496569494,25
oltorf,benwhite,1496576175,1496576257,82
oltorf,benwhite,1496580628,1496580791,163
oltorf,benwhite,1496594755,1496594919,164
oltorf,benwhite,1496590533,1496590566,33
oltorf,benwhite,1496581738,1496581878,140
oltorf,benwhite,1496611792,1496611905,113
oltorf,benwhite,1496575186,1496575366,180
oltorf,benwhite,1496618243,1496618356,113
oltorf,benwhite,1496610607,1496610806,199
oltorf,benwhite,1496569314,1496569434,120
oltorf,benwhite,1496600052,1496600225,173
oltorf,benwhite,1496568535,1496568665,130
oltorf,benwhite,1496607239,1496607251,12
oltorf,benwhite,1496573528,1496573585,57
oltorf,benwhite,1496572188,1496572224,36
oltorf,benwhite,1496578011,1496578117,106
oltorf,benwhite,1496571784,1496571826,42
oltorf,benwhite,1496580158,1496580161,3
oltorf,benwhite,1496585335,1496585518,183
oltorf,benwhite,1496604765,1496604766,1
oltorf,benwhite,1496596476,1496596528,52
oltorf,benwhite,1496575675,1496575730,55
oltorf,benwhite,1496591992,1496591997,5
oltorf,benwhite,1496589634,1496589678,44
oltorf,benwhite,1496577444,1496577640,196
oltorf,benwhite,1496582329,1496582364,35
oltorf,benwhite,1496583223,1496583376,153
oltorf,benwhite,1496596667,1496596724,57
oltorf,benwhite,1496617631,1496617757,126
oltorf,benwhite,1496599327,1496599448,121
oltorf,benwhite,1496599823,1496599862,39
oltorf,benwhite,1496591771,1496591965,194
oltorf,benwhite,1496578496,1496578544,48
oltorf,benwhite,1496587290,1496587464,174
oltorf,benwhite,1496576335,1496576474,139
oltorf,benwhite,1496575361,1496575433,72
oltorf,benwhite,1496613915,1496614009,94
oltorf,benwhite,1496573128,1496573280,152
oltorf,benwhite,1496608447,1496608528,81
oltorf,benwhite,1496599507,1496599574,67
oltorf,benwhite,1496618000,1496618013,13
oltorf,benwhite,1496605864,1496605875,11
oltorf,benwhite,1496610394,1496610478,84
oltorf,benwhite,1496591702,1496591784,82
oltorf,benwhite,1496595377,1496595553,176
oltorf,benwhite,1496589871,1496590034,163
oltorf,benwhite,1496586994,1496587008,14
oltorf,benwhite,1496603690,1496603763,73
oltorf,benwhite,1496602074,1496602074,0
oltorf,benwhite,1496579956,1496580029,73
oltorf,benwhite,1496603768,1496603812,44
oltorf,benwhite,1496580097,1496580183,86
oltorf,benwhite,1496585983,1496586125,142
oltorf,benwhite,1496591162,1496591228,66
oltorf,benwhite,1496603444,1496603600,156
oltorf,benwhite,1496599290,1496599464,174
oltorf,benwhite,1496594003,1496594149,146
oltorf,benwhite,1496575412,1496575580,168
oltorf,benwhite,1496608152,1496608258,106
oltorf,benwhite,1496590964,1496591094,130
oltorf,benwhite,1496573314,1496573402,88
oltorf,benwhite,1496582455,1496582475,20
oltorf,benwhite,1496614064,1496614142,78
oltorf,benwhite,1496609711,1496609718,7
oltorf,benwhite,1496584888,1496584906,18
oltorf,benwhite,1496613583,1496613697,114
oltorf,benwhite,1496572498,1496572667,169
oltorf,benwhite,1496618477,1496618656,179
oltorf,benwhite,1496611841,1496612036,195
oltorf,benwhite,1496580624,1496580656,32
oltorf,benwhite,1496607343,1496607515,172
oltorf,benwhite,1496572470,1496572633,163
oltorf,benwhite,1496597225,1496597270,45
oltorf,benwhite,1496574236,1496574243,7
oltorf,benwhite,1496577005,1496577055,50
oltorf,benwhite,1496570647,1496570720,73
oltorf,benwhite,1496571301,1496571389,88
oltorf,benwhite,1496595394,1496595581,187
oltorf,benwhite,1496570039,1496570204,165
oltorf,benwhite,1496568337,1496568424,87
oltorf,benwhite,1496612428,1496612574,146
oltorf,benwhite,1496569576,1496569770,194
oltorf,benwhite,1496610989,1496611115,126
oltorf,benwhite,1496594006,1496594068,62
oltorf,benwhite,1496585942,1496586073,131
oltorf,benwhite,1496605982,1496606054,72
oltorf,benwhite,1496588699,1496588859,160
oltorf,benwhite,1496592895,1496593011,116
oltorf,benwhite,1496616031,1496616080,49
oltorf,benwhite,1496601782,1496601894,112
oltorf,benwhite,1496596766,1496596931,165
oltorf,benwhite,1496584153,1496584332,179
oltorf,benwhite,1496570391,1496570393,2
oltorf,benwhite,1496580312,1496580435,123
oltorf,benwhite,1496574083,1496574224,141
oltorf,benwhite,1496596040,1496596066,26
oltorf,benwhite,1496593828,1496593939,111
oltorf,benwhite,1496614299,1496614449,150
oltorf,benwhite,1496589801,1496589872,71
oltorf,benwhite,1496575776,1496575940,164
oltorf,benwhite,1496596619,1496596773,154
oltorf,benwhite,1496588259,1496588315,56
oltorf,benwhite,1496575768,1496575902,134
oltorf,benwhite,1496598292,1496598462,170
oltorf,benwhite,1496594123,1496594155,32
oltorf,benwhite,1496589383,1496589427,44
oltorf,benwhite,1496594810,1496594874,64
oltorf,benwhite,1496597654,1496597844,190
oltorf,benwhite,1496595915,1496596010,95
oltorf,benwhite,1496590509,1496590530,21
oltorf,benwhite,1496583298,1496583335,37
oltorf,benwhite,1496612284,1496612442,158
oltorf,benwhite,1496612431,1496612487,56
oltorf,benwhite,1496590752,1496590797,45
oltorf,benwhite,1496588877,1496588981,104
oltorf,benwhite,1496612808,1496612982,174
oltorf,benwhite,1496597437,1496597478,41
oltorf,benwhite,1496580095,1496580294,199
oltorf,benwhite,1496579443,1496579510,67
oltorf,benwhite,1496587959,1496588081,122
oltorf,benwhite,1496609080,1496609156,76
oltorf,benwhite,1496611987,1496612081,94
oltorf,benwhite,1496584724,1496584776,52
oltorf,benwhite,1496599413,1496599612,199
oltorf,benwhite,1496608484,1496608612,128
oltorf,benwhite,1496576330,1496576446,116
oltorf,benwhite,1496592095,1496592260,165
oltorf,benwhite,1496618346,1496618366,20
oltorf,benwhite,1496574193,1496574244,51
oltorf,benwhite,1496587541,1496587678,137
oltorf,benwhite,1496584650,1496584756,106
oltorf,benwhite,1496592714,1496592735,21
oltorf,benwhite,1496586578,1496586610,32
oltorf,benwhite,1496578612,1496578701,89
oltorf,benwhite,1496602779,1496602804,25
oltorf,benwhite,1496596244,1496596376,132
oltorf,benwhite,1496574831,1496574869,38
oltorf,benwhite,1496605914,1496605941,27
oltorf,benwhite,1496581693,1496581774,81
oltorf,benwhite,1496578696,1496578732,36
oltorf,benwhite,1496599291,1496599349,58
oltorf,benwhite,1496597348,1496597463,115
oltorf,benwhite,1496589835,1496589841,6
oltorf,benwhite,1496608977,1496608977,0
oltorf,benwhite,1496586275,1496586324,49
oltorf,benwhite,1496583418,1496583479,61
oltorf,benwhite,1496598080,1496598091,11
oltorf,benwhite,1496614234,1496614335,101
oltorf,benwhite,1496599509,1496599514,5
oltorf,benwhite,1496590185,1496590350,165
oltorf,benwhite,1496572767,1496572864,97
oltorf,benwhite,1496593397,1496593397,0
oltorf,benwhite,1496571374,1496571414,40
oltorf,benwhite,1496568248,1496568407,159
oltorf,benwhite,1496593046,1496593153,107
oltorf,benwhite,1496577402,1496577444,42
oltorf,benwhite,1496590669,1496590837,168
oltorf,benwhite,1496611120,1496611130,10
oltorf,benwhite,1496612275,1496612379,104
oltorf,benwhite,1496578316,1496578485,169
oltorf,benwhite,1496578744,1496578753,9
oltorf,benwhite,1496608552,1496608576,24
oltorf,benwhite,1496569865,1496569928,63
oltorf,benwhite,1496595926,1496596045,119
oltorf,benwhite,1496588743,1496588798,55
oltorf,benwhite,1496605255,1496605313,58
oltorf,benwhite,1496605281,1496605371,90
oltorf,benwhite,1496573340,1496573489,149
oltorf,benwhite,1496601805,1496601890,85
oltorf,benwhite,1496578657,1496578811,154
oltorf,benwhite,1496614920,1496615076,156
oltorf,benwhite,1496605738,1496605805,67
oltorf,benwhite,1496576189,1496576295,106
oltorf,benwhite,1496572562,1496572665,103
oltorf,benwhite,1496583423,1496583538,115
oltorf,benwhite,1496587797,1496587846,49
oltorf,benwhite,1496614500,1496614574,74
oltorf,benwhite,1496578884,1496579033,149
oltorf,benwhite,1496597782,1496597803,21
oltorf,benwhite,1496583212,1496583367,155
oltorf,benwhite,1496610970,1496611047,77
oltorf,benwhite,1496598254,1496598368,114
oltorf,benwhite,1496584335,1496584402,67
oltorf,benwhite,1496609437,1496609452,15
oltorf,benwhite,1496587519,1496587656,137
oltorf,benwhite,1496603616,1496603754,138
oltorf,benwhite,1496575371,1496575391,20
oltorf,benwhite,1496588621,1496588630,9
oltorf,benwhite,1496593762,1496593887,125
oltorf,benwhite,1496584549,1496584704,155
oltorf,benwhite,1496605705,1496605740,35
oltorf,benwhite,1496583682,1496583715,33
oltorf,benwhite,1496596922,1496596939,17
oltorf,benwhite,1496576708,1496576813,105
oltorf,benwhite,1496579923,1496580058,135
oltorf,benwhite,1496592170,1496592209,39
oltorf,benwhite,1496602602,1496602607,5
oltorf,benwhite,1496574488,1496574632,144
oltorf,benwhite,1496581364,1496581501,137
oltorf,benwhite,1496577452,1496577544,92
oltorf,benwhite,1496579136,1496579136,0
oltorf,benwhite,1496581999,1496582111,112
oltorf,benwhite,1496594379,1496594440,61
oltorf,benwhite,1496597348,1496597470,122
oltorf,benwhite,1496589810,1496589888,78
oltorf,benwhite,1496605745,1496605920,175
oltorf,benwhite,1496587783,1496587942,159
oltorf,benwhite,1496586373,1496586538,165
oltorf,benwhite,1496575997,1496576045,48
oltorf,benwhite,1496579756,1496579851,95
oltorf,benwhite,1496605370,1496605430,60
oltorf,benwhite,1496604623,1496604646,23
oltorf,benwhite,1496581628,1496581808,180
oltorf,benwhite,1496577853,1496578027,174
oltorf,benwhite,1496569213,1496569346,133
oltorf,benwhite,1496601262,1496601302,40
oltorf,benwhite,1496615140,1496615256,116
oltorf,benwhite,1496596719,1496596754,35
oltorf,benwhite,1496577770,1496577920,150
oltorf,benwhite,1496595907,1496596038,131
oltorf,benwhite,1496568894,1496569052,158
oltorf,benwhite,1496603582,1496603600,18
oltorf,benwhite,1496597669,1496597738,69
oltorf,benwhite,1496610062,1496610243,181
oltorf,benwhite,1496600629,1496600735,106
oltorf,benwhite,1496570845,1496570971,126
oltorf,benwhite,1496588859,1496589002,143
oltorf,benwhite,1496576301,1496576498,197
oltorf,benwhite,1496591959,1496591998,39
oltorf,benwhite,1496601031,1496601105,74
oltorf,benwhite,1496602812,1496602851,39
oltorf,benwhite,1496602084,1496602217,133
oltorf,benwhite,1496603277,1496603334,57
oltorf,benwhite,1496575651,1496575678,27
oltorf,benwhite,1496592350,1496592452,102
oltorf,benwhite,1496591227,1496591240,13
oltorf,benwhite,1496583360,1496583474,114
oltorf,benwhite,1496611064,1496611161,97
oltorf,benwhite,1496593639,1496593696,57
oltorf,benwhite,1496608094,1496608100,6
oltorf,benwhite,1496573443,1496573497,54
oltorf,benwhite,1496607256,1496607326,70
oltorf,benwhite,1496613237,1496613431,194
oltorf,benwhite,1496585699,1496585825,126
oltorf,benwhite,1496601416,1496601523,107
oltorf,benwhite,1496612124,1496612300,176
oltorf,benwhite,1496574147,1496574280,133
oltorf,benwhite,1496573995,1496574044,49
oltorf,benwhite,1496576407,1496576479,72
oltorf,benwhite,1496612844,1496612975,131
oltorf,benwhite,1496616885,1496616896,11
oltorf,benwhite,1496603574,1496603693,119
oltorf,benwhite,1496615214,1496615325,111
oltorf,benwhite,1496605829,1496605835,6
oltorf,benwhite,1496616415,1496616480,65
oltorf,benwhite,1496583418,1496583445,27
oltorf,benwhite,1496580579,1496580695,116
oltorf,benwhite,1496575609,1496575656,47
oltorf,benwhite,1496590334,1496590414,80
oltorf,benwhite,1496593270,1496593315,45
oltorf,benwhite,1496585187,1496585234,47
oltorf,benwhite,1496608516,1496608693,177
oltorf,benwhite,1496582342,1496582397,55
oltorf,benwhite,1496591094,1496591103,9
oltorf,benwhite,1496588758,1496588828,70
oltorf,benwhite,1496612083,1496612224,141
oltorf,benwhite,1496572745,1496572850,105
oltorf,benwhite,1496606837,1496606999,162
oltorf,benwhite,1496612224,1496612326,102
oltorf,benwhite,1496582492,1496582574,82
oltorf,benwhite,1496575711,1496575716,5
oltorf,benwhite,1496595155,1496595244,89
oltorf,benwhite,1496590374,1496590427,53
oltorf,benwhite,1496588141,1496588150,9
oltorf,benwhite,1496606750,1496606852,102
oltorf,benwhite,1496583624,1496583647,23
oltorf,benwhite,1496577006,1496577130,124
oltorf,benwhite,1496583162,1496583283,121
oltorf,benwhite,1496616022,1496616050,28
oltorf,benwhite,1496577336,1496577535,199
oltorf,benwhite,1496590145,1496590313,168
oltorf,benwhite,1496599062,1496599139,77
oltorf,benwhite,1496578143,1496578309,166
oltorf,benwhite,1496612501,1496612682,181
oltorf,benwhite,1496614505,1496614596,91
oltorf,benwhite,1496615593,1496615777,184
oltorf,benwhite,1496609669,1496609844,175
oltorf,benwhite,1496584588,1496584654,66
oltorf,benwhite,1496593353,1496593520,167
oltorf,benwhite,1496577762,1496577921,159
oltorf,benwhite,1496596642,1496596750,108
oltorf,benwhite,1496593121,1496593260,139
oltorf,benwhite,1496599251,1496599255,4
oltorf,benwhite,1496581344,1496581518,174
oltorf,benwhite,1496600719,1496600907,188
oltorf,benwhite,1496578578,1496578616,38
oltorf,benwhite,1496580827,1496580835,8
oltorf,benwhite,1496599058,1496599126,68
oltorf,benwhite,1496572653,1496572815,162
oltorf,benwhite,1496610490,1496610607,117
oltorf,benwhite,1496584700,1496584711,11
oltorf,benwhite,1496570828,1496570924,96
oltorf,benwhite,1496614384,1496614445,61
oltorf,benwhite,1496574747,1496574938,191
oltorf,benwhite,1496609540,1496609656,116
oltorf,benwhite,1496574679,1496574716,37
oltorf,benwhite,1496580169,1496580285,116
oltorf,benwhite,1496604670,1496604847,177
oltorf,benwhite,1496584707,1496584868,161
oltorf,benwhite,1496571732,1496571921,189
oltorf,benwhite,1496613433,1496613512,79
oltorf,benwhite,1496597551,1496597674,123
oltorf,benwhite,1496610316,1496610451,135
oltorf,benwhite,1496606614,1496606654,40
oltorf,benwhite,1496604441,1496604558,117
oltorf,benwhite,1496586615,1496586685,70
oltorf,benwhite,1496578415,1496578425,10
oltorf,benwhite,1496583468,1496583658,190
oltorf,benwhite,1496591743,1496591871,128
oltorf,benwhite,1496596053,1496596238,185
oltorf,benwhite,1496582673,1496582771,98
oltorf,benwhite,1496601188,1496601352,164
oltorf,benwhite,1496584855,1496585053,198
oltorf,benwhite,1496590115,1496590256,141
oltorf,benwhite,1496608844,1496609004,160
oltorf,benwhite,1496594011,1496594133,122
oltorf,benwhite,1496581770,1496581841,71
oltorf,benwhite,1496604152,1496604233,81
oltorf,benwhite,1496576212,1496576348,136
oltorf,benwhite,1496608816,1496608889,73
oltorf,benwhite,1496587867,1496588048,181
oltorf,benwhite,1496587985,1496588058,73
oltorf,benwhite,1496596825,1496596859,34
oltorf,benwhite,1496606741,1496606927,186
oltorf,benwhite,1496589994,1496590090,96
oltorf,benwhite,1496611479,1496611520,41
oltorf,benwhite,1496607938,1496607962,24
oltorf,benwhite,1496578937,1496579053,116
oltorf,benwhite,1496595533,1496595612,79
oltorf,benwhite,1496613758,1496613948,190
oltorf,benwhite,1496588383,1496588423,40
oltorf,benwhite,1496581129,1496581301,172
oltorf,benwhite,1496614346,1496614503,157
oltorf,benwhite,1496594659,1496594769,110
oltorf,benwhite,1496596189,1496596272,83
oltorf,benwhite,1496575096,1496575119,23
oltorf,benwhite,1496595797,1496595991,194
oltorf,benwhite,1496605601,1496605655,54
oltorf,benwhite,1496590049,1496590172,123
oltorf,benwhite,1496604501,1496604691,190
oltorf,benwhite,1496610734,1496610749,15
oltorf,benwhite,1496579998,1496580033,35
oltorf,benwhite,1496581072,1496581119,47
oltorf,benwhite,1496575309,1496575399,90
oltorf,benwhite,1496595371,1496595442,71
oltorf,benwhite,1496583827,1496583949,122
oltorf,benwhite,1496585790,1496585852,62
oltorf,benwhite,1496598382,1496598410,28
oltorf,benwhite,1496607242,1496607287,45
oltorf,benwhite,1496596602,1496596705,103
oltorf,benwhite,1496606391,1496606540,149
oltorf,benwhite,1496598140,1496598166,26
oltorf,benwhite,1496574595,1496574644,49
oltorf,benwhite,1496574829,1496574885,56
oltorf,benwhite,1496591771,1496591957,186
oltorf,benwhite,1496586177,1496586329,152
oltorf,benwhite,1496582161,1496582317,156
oltorf,benwhite,1496579633,1496579720,87
oltorf,benwhite,1496608856,1496608953,97
oltorf,benwhite,1496610240,1496610281,41
oltorf,benwhite,1496573203,1496573315,112
oltorf,benwhite,1496596805,1496596911,106
oltorf,benwhite,1496576925,1496577077,152
oltorf,benwhite,1496588851,1496588929,78
oltorf,benwhite,1496573989,1496574006,17
oltorf,benwhite,1496604402,1496604562,160
oltorf,benwhite,1496573901,1496574015,114
oltorf,benwhite,1496578130,1496578280,150
oltorf,benwhite,1496586172,1496586209,37
oltorf,benwhite,1496583254,1496583390,136
oltorf,benwhite,1496594468,1496594481,13
oltorf,benwhite,1496605768,1496605933,165
oltorf,benwhite,1496614790,1496614875,85
oltorf,benwhite,1496584135,1496584304,169
oltorf,benwhite,1496597455,1496597474,19
oltorf,benwhite,1496603850,1496603886,36
oltorf,benwhite,1496588254,1496588435,181
oltorf,benwhite,1496602623,1496602681,58
oltorf,benwhite,1496571330,1496571509,179
oltorf,benwhite,1496582718,1496582826,108
oltorf,benwhite,1496581132,1496581329,197
oltorf,benwhite,1496610865,1496610867,2
oltorf,benwhite,1496574612,1496574664,52
oltorf,benwhite,1496589224,1496589379,155
oltorf,benwhite,1496604457,1496604472,15
oltorf,benwhite,1496589600,1496589680,80
oltorf,benwhite,1496606199,1496606234,35
oltorf,benwhite,1496586033,1496586047,14
oltorf,benwhite,1496590791,1496590973,182
oltorf,benwhite,1496575094,1496575209,115
oltorf,benwhite,1496571126,1496571150,24
oltorf,benwhite,1496581981,1496582110,129
oltorf,benwhite,1496584277,1496584431,154
oltorf,benwhite,1496576295,1496576455,160
oltorf,benwhite,1496572471,1496572652,181
oltorf,benwhite,1496572169,1496572254,85
oltorf,benwhite,1496580084,1496580238,154
oltorf,benwhite,1496600542,1496600625,83
oltorf,benwhite,1496571955,1496572066,111
oltorf,benwhite,1496612519,1496612642,123
oltorf,benwhite,1496607471,1496607562,91
oltorf,benwhite,1496573374,1496573402,28
oltorf,benwhite,1496594482,1496594664,182
oltorf,benwhite,1496569978,1496570010,32
oltorf,benwhite,1496596506,1496596637,131
oltorf,benwhite,1496601696,1496601763,67
oltorf,benwhite,1496577177,1496577202,25
oltorf,benwhite,1496570756,1496570849,93
oltorf,benwhite,1496568511,1496568536,25
oltorf,benwhite,1496585430,1496585478,48
oltorf,benwhite,1496586897,1496587053,156
oltorf,benwhite,1496602630,1496602736,106
oltorf,benwhite,1496585407,1496585590,183
oltorf,benwhite,1496587269,1496587322,53
oltorf,benwhite,1496582423,1496582505,82
oltorf,benwhite,1496577412,1496577609,197
oltorf,benwhite,1496590301,1496590348,47
oltorf,benwhite,1496571693,1496571764,71
oltorf,benwhite,1496593094,1496593275,181
oltorf,benwhite,1496591745,1496591745,0
oltorf,benwhite,1496605012,1496605077,65
oltorf,benwhite,1496606815,1496606946,131
oltorf,benwhite,1496578492,1496578560,68
oltorf,benwhite,1496590031,1496590150,119
oltorf,benwhite,1496612613,1496612750,137
oltorf,benwhite,1496580697,1496580836,139
oltorf,benwhite,1496592973,1496593032,59
oltorf,benwhite,1496583586,1496583587,1
oltorf,benwhite,1496607667,1496607680,13
oltorf,benwhite,1496583515,1496583601,86
oltorf,benwhite,1496608908,1496608969,61
oltorf,benwhite,1496609570,1496609677,107
oltorf,benwhite,1496607842,1496607947,105
oltorf,benwhite,1496575167,1496575169,2
oltorf,benwhite,1496581588,1496581596,8
oltorf,benwhite,1496581669,1496581735,66
oltorf,benwhite,1496598240,1496598263,23
oltorf,benwhite,1496598268,1496598377,109
oltorf,benwhite,1496594410,1496594535,125
oltorf,benwhite,1496609258,1496609343,85
oltorf,benwhite,1496612335,1496612375,40
oltorf,benwhite,1496599403,1496599544,141
oltorf,benwhite,1496614770,1496614897,127
oltorf,benwhite,1496607738,1496607882,144
oltorf,benwhite,1496607011,1496607175,164
oltorf,benwhite,1496606618,1496606787,169
oltorf,benwhite,1496570443,1496570596,153
oltorf,benwhite,1496574257,1496574339,82
oltorf,benwhite,1496586935,1496587048,113
oltorf,benwhite,1496571816,1496571891,75
oltorf,benwhite,1496568430,1496568539,109
oltorf,benwhite,1496569698,1496569763,65
oltorf,benwhite,1496591515,1496591657,142
oltorf,benwhite,1496582264,1496582358,94
oltorf,benwhite,1496592149,1496592192,43
oltorf,benwhite,1496596730,1496596795,65
oltorf,benwhite,1496607490,1496607515,25
oltorf,benwhite,1496571539,1496571701,162
oltorf,benwhite,1496570067,1496570184,117
oltorf,benwhite,1496608936,1496609131,195
oltorf,benwhite,1496571445,1496571560,115
oltorf,benwhite,1496581646,1496581785,139
oltorf,benwhite,1496613987,1496614092,105
oltorf,benwhite,1496598945,1496599004,59
oltorf,benwhite,1496603445,1496603555,110
oltorf,benwhite,1496579058,1496579195,137
oltorf,benwhite,1496598373,1496598491,118
oltorf,benwhite,1496586870,1496587029,159
oltorf,benwhite,1496611341,1496611384,43
oltorf,benwhite,1496598482,1496598515,33
oltorf,benwhite,1496576723,1496576915,192
oltorf,benwhite,1496618158,1496618159,1
oltorf,benwhite,1496603871,1496604057,186
oltorf,benwhite,1496586140,1496586313,173
oltorf,benwhite,1496599762,1496599854,92
oltorf,benwhite,1496603748,1496603864,116
oltorf,benwhite,1496580081,1496580118,37
oltorf,benwhite,1496585064,1496585195,131
oltorf,benwhite,1496588505,1496588570,65
oltorf,benwhite,1496609595,1496609686,91
oltorf,benwhite,1496612396,1496612466,70
oltorf,benwhite,1496584192,1496584268,76
oltorf,benwhite,1496603908,1496603944,36
oltorf,benwhite,1496591985,1496592070,85
oltorf,benwhite,1496582619,1496582786,167
oltorf,benwhite,1496595503,1496595666,163
oltorf,benwhite,1496580119,1496580268,149
oltorf,benwhite,1496593500,1496593559,59
oltorf,benwhite,1496611740,1496611779,39
oltorf,benwhite,1496602759,1496602866,107
oltorf,benwhite,1496588553,1496588567,14
oltorf,benwhite,1496595458,1496595638,180
oltorf,benwhite,1496592696,1496592862,166
oltorf,benwhite,1496575952,1496576041,89
oltorf,benwhite,1496580672,1496580762,90
oltorf,benwhite,1496574542,1496574611,69
oltorf,benwhite,1496574872,1496575067,195
oltorf,benwhite,1496585652,1496585724,72
oltorf,benwhite,1496609358,1496609370,12
oltorf,benwhite,1496593033,1496593193,160
oltorf,benwhite,1496574818,1496574896,78
oltorf,benwhite,1496578725,1496578807,82
oltorf,benwhite,1496613323,1496613495,172
oltorf,benwhite,1496570826,1496570831,5
oltorf,benwhite,1496609950,1496610129,179
oltorf,benwhite,1496582455,1496582553,98
oltorf,benwhite,1496616406,1496616576,170
oltorf,benwhite,1496584504,1496584629,125
oltorf,benwhite,1496603215,1496603303,88
oltorf,benwhite,1496595835,1496595866,31
oltorf,benwhite,1496601900,1496601938,38
oltorf,benwhite,1496590691,1496590872,181
oltorf,benwhite,1496578473,1496578502,29
oltorf,benwhite,1496571584,1496571718,134
oltorf,benwhite,1496590048,1496590207,159
oltorf,benwhite,1496574767,1496574938,171
oltorf,benwhite,1496590796,1496590856,60
oltorf,benwhite,1496577350,1496577381,31
oltorf,benwhite,1496612650,1496612752,102
oltorf,benwhite,1496584976,1496585114,138
oltorf,benwhite,1496573862,1496573988,126
oltorf,benwhite,1496590476,1496590588,112
oltorf,benwhite,1496617223,1496617410,187
oltorf,benwhite,1496578783,1496578973,190
oltorf,benwhite,1496601436,1496601564,128
oltorf,benwhite,1496603971,1496604093,122
oltorf,benwhite,1496609142,1496609212,70
oltorf,benwhite,1496584654,1496584699,45
oltorf,benwhite,1496584811,1496584889,78
oltorf,benwhite,1496569026,1496569185,159
oltorf,benwhite,1496588011,1496588022,11
oltorf,benwhite,1496613758,1496613876,118
oltorf,benwhite,1496615497,1496615617,120
oltorf,benwhite,1496586741,1496586916,175
oltorf,benwhite,1496606054,1496606114,60
oltorf,benwhite,1496590959,1496590983,24
oltorf,benwhite,1496606055,1496606209,154
oltorf,benwhite,1496616902,1496617080,178
oltorf,benwhite,1496597065,1496597146,81
oltorf,benwhite,1496598097,1496598232,135
oltorf,benwhite,1496597693,1496597723,30
oltorf,benwhite,1496579909,1496579926,17
oltorf,benwhite,1496599137,1496599258,121
oltorf,benwhite,1496581446,1496581639,193
oltorf,benwhite,1496606068,1496606084,16
oltorf,benwhite,1496603232,1496603364,132
oltorf,benwhite,1496585472,1496585517,45
oltorf,benwhite,1496572864,1496572922,58
oltorf,benwhite,1496591958,1496592126,168
oltorf,benwhite,1496585990,1496586093,103
oltorf,benwhite,1496614495,1496614594,99
oltorf,benwhite,1496573382,1496573382,0
oltorf,benwhite,1496574684,1496574842,158
oltorf,benwhite,1496586280,1496586477,197
oltorf,benwhite,1496602241,1496602322,81
oltorf,benwhite,1496588696,1496588718,22
oltorf,benwhite,1496607139,1496607325,186
oltorf,benwhite,1496575729,1496575772,43
oltorf,benwhite,1496613915,1496613946,31
oltorf,benwhite,1496610453,1496610498,45
oltorf,benwhite,1496587348,1496587541,193
oltorf,benwhite,1496614220,1496614388,168
oltorf,benwhite,1496613413,1496613524,111
oltorf,benwhite,1496617690,1496617782,92
oltorf,benwhite,1496590759,1496590895,136
oltorf,benwhite,1496583548,1496583656,108
oltorf,benwhite,1496601193,1496601348,155
oltorf,benwhite,1496600621,1496600630,9
oltorf,benwhite,1496582479,1496582599,120
oltorf,benwhite,1496605985,1496605994,9
oltorf,benwhite,1496580261,1496580363,102
oltorf,benwhite,1496589824,1496589905,81
oltorf,benwhite,1496590094,1496590246,152
oltorf,benwhite,1496595640,1496595707,67
oltorf,benwhite,1496569072,1496569145,73
oltorf,benwhite,1496597879,1496597891,12
oltorf,benwhite,1496611013,1496611204,191
oltorf,benwhite,1496598849,1496599010,161
oltorf,benwhite,1496576040,1496576104,64
oltorf,benwhite,1496600521,1496600636,115
oltorf,benwhite,1496600052,1496600140,88
oltorf,benwhite,1496593149,1496593304,155
oltorf,benwhite,1496614232,1496614340,108
oltorf,benwhite,1496571252,1496571312,60
oltorf,benwhite,1496596681,1496596753,72
oltorf,benwhite,1496568190,1496568258,68
oltorf,benwhite,1496616996,1496617023,27
oltorf,benwhite,1496618240,1496618314,74
oltorf,benwhite,1496617384,1496617384,0
oltorf,benwhite,1496579407,1496579459,52
oltorf,benwhite,1496570462,1496570600,138
oltorf,benwhite,1496574181,1496574245,64
oltorf,benwhite,1496597453,1496597549,96
oltorf,benwhite,1496581390,1496581416,26
oltorf,benwhite,1496612728,1496612813,85
oltorf,benwhite,1496591478,1496591576,98
oltorf,benwhite,1496588785,1496588886,101
oltorf,benwhite,1496617133,1496617140,7
oltorf,benwhite,1496580917,1496580942,25
oltorf,benwhite,1496578295,1496578467,172
oltorf,benwhite,1496606487,1496606493,6
oltorf,benwhite,1496597278,1496597280,2
oltorf,benwhite,1496579716,1496579845,129
oltorf,benwhite,1496582963,1496583085,122
oltorf,benwhite,1496597524,1496597631,107
oltorf,benwhite,1496588870,1496589007,137
oltorf,benwhite,1496593730,1496593871,141
oltorf,benwhite,1496576203,1496576367,164
oltorf,benwhite,1496580245,1496580367,122
oltorf,benwhite,1496600446,1496600457,11
oltorf,benwhite,1496598362,1496598465,103
oltorf,benwhite,1496589403,1496589567,164
oltorf,benwhite,1496578978,1496579035,57
oltorf,benwhite,1496580076,1496580176,100
oltorf,benwhite,1496609104,1496609192,88
oltorf,benwhite,1496575529,1496575709,180
oltorf,benwhite,1496577967,1496578078,111
oltorf,benwhite,1496600712,1496600772,60
oltorf,benwhite,1496612351,1496612550,199
oltorf,benwhite,1496604992,1496605124,132
oltorf,benwhite,1496618276,1496618298,22
oltorf,benwhite,1496604938,1496605134,196
oltorf,benwhite,1496604251,1496604333,82
oltorf,benwhite,1496597776,1496597949,173
oltorf,benwhite,1496616543,1496616700,157
oltorf,benwhite,1496583310,1496583439,129
oltorf,benwhite,1496612823,1496612954,131
oltorf,benwhite,1496607509,1496607645,136
oltorf,benwhite,1496586897,1496587094,197
oltorf,benwhite,1496605278,1496605430,152
oltorf,benwhite,1496596666,1496596786,120
oltorf,benwhite,1496576329,1496576394,65
oltorf,benwhite,1496574761,1496574781,20
oltorf,benwhite,1496608320,1496608468,148
oltorf,benwhite,1496594240,1496594303,63
oltorf,benwhite,1496600345,1496600436,91
oltorf,benwhite,1496605201,1496605236,35
oltorf,benwhite,1496586936,1496587110,174
oltorf,benwhite,1496584211,1496584286,75
oltorf,benwhite,1496596119,1496596135,16
oltorf,benwhite,1496575718,1496575778,60
oltorf,benwhite,1496600916,1496600973,57
oltorf,benwhite,1496614702,1496614874,172
oltorf,benwhite,1496610074,1496610123,49
oltorf,benwhite,1496605134,1496605142,8
oltorf,benwhite,1496596539,1496596641,102
oltorf,benwhite,1496573561,1496573709,148
oltorf,benwhite,1496617554,1496617631,77
oltorf,benwhite,1496576035,1496576126,91
oltorf,benwhite,1496568246,1496568268,22
oltorf,benwhite,1496569328,1496569416,88
oltorf,benwhite,1496600101,1496600297,196
oltorf,benwhite,1496614094,1496614213,119
oltorf,benwhite,1496579074,1496579177,103
oltorf,benwhite,1496592415,1496592586,171
oltorf,benwhite,1496595201,1496595250,49
oltorf,benwhite,1496593542,1496593607,65
oltorf,benwhite,1496583823,1496583901,78
oltorf,benwhite,1496616408,1496616439,31
oltorf,benwhite,1496611884,1496611965,81
oltorf,benwhite,1496611529,1496611587,58
oltorf,benwhite,1496593912,1496594104,192
oltorf,benwhite,1496570617,1496570620,3
oltorf,benwhite,1496618179,1496618269,90
oltorf,benwhite,1496583530,1496583577,47
oltorf,benwhite,1496604289,1496604352,63
oltorf,benwhite,1496602480,1496602535,55
oltorf,benwhite,1496579653,1496579665,12
oltorf,benwhite,1496618114,1496618153,39
oltorf,benwhite,1496599516,1496599581,65
oltorf,benwhite,1496604633,1496604659,26
oltorf,benwhite,1496593747,1496593902,155
oltorf,benwhite,1496616454,1496616547,93
oltorf,benwhite,1496617066,1496617098,32
oltorf,benwhite,1496610047,1496610173,126
oltorf,benwhite,1496578669,1496578787,118
oltorf,benwhite,1496598019,1496598169,150
oltorf,benwhite,1496612211,1496612320,109
oltorf,benwhite,1496574715,1496574738,23
oltorf,benwhite,1496578045,1496578240,195
oltorf,benwhite,1496584887,1496584976,89
oltorf,benwhite,1496617880,1496617880,0
oltorf,benwhite,1496608211,1496608231,20
oltorf,benwhite,1496603308,1496603330,22
oltorf,benwhite,1496597347,1496597360,13
oltorf,benwhite,1496572857,1496572967,110
oltorf,benwhite,1496588110,1496588158,48
oltorf,benwhite,1496592551,1496592619,68
oltorf,benwhite,1496609026,1496609120,94
oltorf,benwhite,1496608197,1496608354,157
oltorf,benwhite,1496589953,1496590146,193
oltorf,benwhite,1496607207,1496607267,60
oltorf,benwhite,1496615720,1496615816,96
oltorf,benwhite,1496573892,1496574073,181
oltorf,benwhite,1496572706,1496572760,54
oltorf,benwhite,1496573053,1496573083,30
oltorf,benwhite,1496614154,1496614238,84
oltorf,benwhite,1496584197,1496584256,59
oltorf,benwhite,1496610769,1496610900,131
oltorf,benwhite,1496582481,1496582656,175
oltorf,benwhite,1496574879,1496574911,32
oltorf,benwhite,1496598816,1496598989,173
oltorf,benwhite,1496605678,1496605689,11
oltorf,benwhite,1496604708,1496604830,122
oltorf,benwhite,1496578807,1496578833,26
oltorf,benwhite,1496617890,1496617982,92
oltorf,benwhite,1496609812,1496609936,124
oltorf,benwhite,1496612996,1496613092,96
oltorf,benwhite,1496579920,1496580043,123
oltorf,benwhite,1496593518,1496593662,144
oltorf,benwhite,1496586328,1496586478,150
oltorf,benwhite,1496604469,1496604526,57
oltorf,benwhite,1496609527,1496609593,66
oltorf,benwhite,1496591317,1496591333,16
oltorf,benwhite,1496577429,1496577504,75
oltorf,benwhite,1496615363,1496615450,87
oltorf,benwhite,1496601525,1496601667,142
oltorf,benwhite,1496612477,1496612492,15
oltorf,benwhite,1496617292,1496617448,156
oltorf,benwhite,1496589139,1496589299,160
oltorf,benwhite,1496593262,1496593405,143
oltorf,benwhite,1496587824,1496587830,6
oltorf,benwhite,1496601374,1496601567,193
oltorf,benwhite,1496577682,1496577779,97
oltorf,benwhite,1496611808,1496611865,57
oltorf,benwhite,1496587388,1496587554,166
oltorf,benwhite,1496598704,1496598801,97
oltorf,benwhite,1496583482,1496583596,114
oltorf,benwhite,1496585893,1496586041,148
oltorf,benwhite,1496588836,1496588871,35
oltorf,benwhite,1496609247,1496609301,54
oltorf,benwhite,1496597877,1496597881,4
oltorf,benwhite,1496580435,1496580572,137
oltorf,benwhite,1496600757,1496600853,96
oltorf,benwhite,1496616388,1496616510,122
oltorf,benwhite,1496576727,1496576925,198
oltorf,benwhite,1496617071,1496617213,142
oltorf,benwhite,1496568648,1496568689,41
oltorf,benwhite,1496591777,1496591850,73
oltorf,benwhite,1496582616,1496582792,176
oltorf,benwhite,1496607195,1496607285,90
oltorf,benwhite,1496612666,1496612760,94
oltorf,benwhite,1496579315,1496579318,3
oltorf,benwhite,1496604806,1496604914,108
oltorf,benwhite,1496568633,1496568751,118
oltorf,benwhite,1496603959,1496604043,84
oltorf,benwhite,1496568402,1496568408,6
oltorf,benwhite,1496602747,1496602788,41
oltorf,benwhite,1496593799,1496593816,17
oltorf,benwhite,1496602866,1496603052,186
oltorf,benwhite,1496589291,1496589424,133
oltorf,benwhite,1496581126,1496581195,69
oltorf,benwhite,1496576590,1496576730,140
oltorf,benwhite,1496568558,1496568705,147
oltorf,benwhite,1496594214,1496594364,150
oltorf,benwhite,1496571135,1496571156,21
oltorf,benwhite,1496583129,1496583194,65
oltorf,benwhite,1496575543,1496575640,97
oltorf,benwhite,1496589883,1496589914,31
oltorf,benwhite,1496608431,1496608521,90
oltorf,benwhite,1496596224,1496596299,75
oltorf,benwhite,1496593694,1496593854,160
oltorf,benwhite,1496588238,1496588293,55
oltorf,benwhite,1496611378,1496611449,71
oltorf,benwhite,1496581318,1496581469,151
oltorf,benwhite,1496570780,1496570966,186
oltorf,benwhite,1496616341,1496616371,30
oltorf,benwhite,1496576586,1496576597,11
oltorf,benwhite,1496615432,1496615529,97
oltorf,benwhite,1496600871,1496600939,68
oltorf,benwhite,1496588365,1496588499,134
oltorf,benwhite,1496588093,1496588288,195
oltorf,benwhite,1496580156,1496580160,4
oltorf,benwhite,1496579928,1496579973,45
oltorf,benwhite,1496573154,1496573162,8
oltorf,benwhite,1496581210,1496581217,7
oltorf,benwhite,1496577861,1496577979,118
oltorf,benwhite,1496586539,1496586662,123
oltorf,benwhite,1496583984,1496584170,186
oltorf,benwhite,1496590619,1496590758,139
oltorf,benwhite,1496587979,1496588090,111
oltorf,benwhite,1496595392,1496595449,57
oltorf,benwhite,1496587005,1496587142,137
oltorf,benwhite,1496588383,1496588530,147
oltorf,benwhite,1496605283,1496605345,62
oltorf,benwhite,1496582295,1496582384,89
oltorf,benwhite,1496592506,1496592617,111
oltorf,benwhite,1496590209,1496590333,124
oltorf,benwhite,1496600595,1496600792,197
oltorf,benwhite,1496581934,1496582124,190
oltorf,benwhite,1496610878,1496611003,125
oltorf,benwhite,1496601339,1496601364,25
oltorf,benwhite,1496604024,1496604090,66
oltorf,benwhite,1496581659,1496581797,138
oltorf,benwhite,1496575012,1496575174,162
oltorf,benwhite,1496608184,1496608370,186
oltorf,benwhite,1496602662,1496602747,85
oltorf,benwhite,1496593835,1496593854,19
oltorf,benwhite,1496575846,1496575847,1
oltorf,benwhite,1496614337,1496614356,19
oltorf,benwhite,1496606384,1496606560,176
oltorf,benwhite,1496573306,1496573310,4
oltorf,benwhite,1496606006,1496606194,188
oltorf,benwhite,1496601025,1496601082,57
oltorf,benwhite,1496600826,1496600860,34
oltorf,benwhite,1496568803,1496568888,85
oltorf,benwhite,1496599211,1496599359,148
oltorf,benwhite,1496594726,1496594817,91
oltorf,benwhite,1496570268,1496570402,134
oltorf,benwhite,1496615053,1496615147,94
oltorf,benwhite,1496611467,1496611543,76
oltorf,benwhite,1496587578,1496587613,35
oltorf,benwhite,1496589394,1496589427,33
oltorf,benwhite,1496568707,1496568835,128
oltorf,benwhite,1496576559,1496576746,187
oltorf,benwhite,1496599513,1496599701,188
oltorf,benwhite,1496602937,1496602981,44
oltorf,benwhite,1496586907,1496587043,136
oltorf,benwhite,1496578140,1496578321,181
oltorf,benwhite,1496577640,1496577798,158
oltorf,benwhite,1496579560,1496579699,139
oltorf,benwhite,1496603695,1496603802,107
oltorf,benwhite,1496613187,1496613383,196
oltorf,benwhite,1496577712,1496577763,51
oltorf,benwhite,1496583342,1496583507,165
oltorf,benwhite,1496570553,1496570730,177
oltorf,benwhite,1496589066,1496589117,51
oltorf,benwhite,1496576007,1496576129,122
oltorf,benwhite,1496600127,1496600309,182
oltorf,benwhite,1496586123,1496586275,152
oltorf,benwhite,1496574939,1496575063,124
oltorf,benwhite,1496587153,1496587155,2
oltorf,benwhite,1496569956,1496570090,134
oltorf,benwhite,1496605506,1496605670,164
oltorf,benwhite,1496616467,1496616522,55
oltorf,benwhite,1496614065,1496614237,172
oltorf,benwhite,1496593828,1496593894,66
oltorf,benwhite,1496588165,1496588282,117
oltorf,benwhite,1496604570,1496604645,75
oltorf,benwhite,1496614813,1496614944,131
oltorf,benwhite,1496616584,1496616744,160
oltorf,benwhite,1496580114,1496580261,147
oltorf,benwhite,1496585080,1496585197,117
oltorf,benwhite,1496568633,1496568649,16
oltorf,benwhite,1496612816,1496612875,59
oltorf,benwhite,1496613806,1496613865,59
oltorf,benwhite,1496571407,1496571462,55
oltorf,benwhite,1496570078,1496570203,125
oltorf,benwhite,1496578485,1496578507,22
oltorf,benwhite,1496601047,1496601226,179
oltorf,benwhite,1496570522,1496570538,16
oltorf,benwhite,1496587083,1496587243,160
oltorf,benwhite,1496583417,1496583610,193
oltorf,benwhite,1496601956,1496602031,75
oltorf,benwhite,1496593937,1496593951,14
oltorf,benwhite,1496587068,1496587083,15
oltorf,benwhite,1496606201,1496606229,28
oltorf,benwhite,1496573099,1496573258,159
oltorf,benwhite,1496592301,1496592396,95
oltorf,benwhite,1496606026,1496606053,27
oltorf,benwhite,1496573358,1496573392,34
oltorf,benwhite,1496579288,1496579458,170
oltorf,benwhite,1496594748,1496594854,106
oltorf,benwhite,1496608104,1496608293,189
oltorf,benwhite,1496588174,1496588212,38
oltorf,benwhite,1496583907,1496583997,90
oltorf,benwhite,1496595212,1496595276,64
oltorf,benwhite,1496596837,1496596848,11
oltorf,benwhite,1496581457,1496581489,32
oltorf,benwhite,1496604863,1496604951,88
oltorf,benwhite,1496579534,1496579730,196
oltorf,benwhite,1496609864,1496609871,7
oltorf,benwhite,1496607028,1496607195,167
oltorf,benwhite,1496581129,1496581157,28
oltorf,benwhite,1496609516,1496609657,141
oltorf,benwhite,1496600403,1496600550,147
oltorf,benwhite,1496569215,1496569277,62
oltorf,benwhite,1496568877,1496569071,194
oltorf,benwhite,1496614040,1496614203,163
oltorf,benwhite,1496593118,1496593252,134
oltorf,benwhite,1496574625,1496574687,62
oltorf,benwhite,1496580431,1496580616,185
oltorf,benwhite,1496605663,1496605789,126
oltorf,benwhite,1496598216,1496598408,192
oltorf,benwhite,1496577449,1496577567,118
oltorf,benwhite,1496614887,1496614935,48
oltorf,benwhite,1496592510,1496592686,176
oltorf,benwhite,1496569576,1496569578,2
oltorf,benwhite,1496568778,1496568821,43
oltorf,benwhite,1496616639,1496616658,19
oltorf,benwhite,1496595894,1496596068,174
oltorf,benwhite,1496603324,1496603379,55
oltorf,benwhite,1496598524,1496598710,186
oltorf,benwhite,1496618494,1496618628,134
oltorf,benwhite,1496615624,1496615673,49
oltorf,benwhite,1496588677,1496588753,76
oltorf,benwhite,1496598887,1496599080,193
oltorf,benwhite,1496573169,1496573217,48
oltorf,benwhite,1496579345,1496579390,45
oltorf,benwhite,1496583645,1496583674,29
oltorf,benwhite,1496582726,1496582898,172
oltorf,benwhite,1496574797,1496574959,162
oltorf,benwhite,1496587690,1496587745,55
oltorf,benwhite,1496614439,1496614613,174
oltorf,benwhite,1496581657,1496581726,69
oltorf,benwhite,1496611841,1496611986,145
oltorf,benwhite,1496612129,1496612283,154
oltorf,benwhite,1496605269,1496605282,13
oltorf,benwhite,1496617479,1496617517,38
oltorf,benwhite,1496612145,1496612299,154
oltorf,benwhite,1496577491,1496577496,5
oltorf,benwhite,1496580463,1496580595,132
oltorf,benwhite,1496569927,1496570102,175
oltorf,benwhite,1496602166,1496602333,167
oltorf,benwhite,1496585704,1496585866,162
oltorf,benwhite,1496577648,1496577711,63
oltorf,benwhite,1496574888,1496574908,20
oltorf,benwhite,1496612973,1496613045,72
oltorf,benwhite,1496615281,1496615340,59
oltorf,benwhite,1496573731,1496573811,80
oltorf,benwhite,1496577856,1496577890,34
oltorf,benwhite,1496570932,1496571024,92
oltorf,benwhite,1496574740,1496574914,174
oltorf,benwhite,1496610876,1496610988,112
oltorf,benwhite,1496581026,1496581138,112
oltorf,benwhite,1496573153,1496573312,159
oltorf,benwhite,1496609863,1496609978,115
oltorf,benwhite,1496597594,1496597726,132
oltorf,benwhite,1496578247,1496578413,166
oltorf,benwhite,1496610924,1496610929,5
oltorf,benwhite,1496588890,1496589068,178
oltorf,benwhite,1496613159,1496613217,58
oltorf,benwhite,1496579825,1496580013,188
oltorf,benwhite,1496591601,1496591671,70
oltorf,benwhite,1496610007,1496610009,2
oltorf,benwhite,1496597440,1496597545,105
oltorf,benwhite,1496582811,1496582906,95
oltorf,benwhite,1496576961,1496576971,10
oltorf,benwhite,1496588054,1496588162,108
oltorf,benwhite,1496593557,1496593575,18
oltorf,benwhite,1496604264,1496604356,92
oltorf,benwhite,1496600878,1496600931,53
oltorf,benwhite,1496576874,1496577031,157
oltorf,benwhite,1496590006,1496590076,70
oltorf,benwhite,1496600523,1496600576,53
oltorf,benwhite,1496576455,1496576570,115
oltorf,benwhite,1496584443,1496584453,10
oltorf,benwhite,1496610334,1496610530,196
oltorf,benwhite,1496614513,1496614551,38
oltorf,benwhite,1496609465,1496609554,89
oltorf,benwhite,1496586511,1496586617,106
oltorf,benwhite,1496600570,1496600573,3
oltorf,benwhite,1496596096,1496596196,100
oltorf,benwhite,1496608890,1496608991,101
oltorf,benwhite,1496568625,1496568756,131
oltorf,benwhite,1496591587,1496591736,149
oltorf,benwhite,1496587803,1496587847,44
oltorf,benwhite,1496589234,1496589384,150
oltorf,benwhite,1496587820,1496587975,155
oltorf,benwhite,1496575809,1496576008,199
oltorf,benwhite,1496570399,1496570440,41
oltorf,benwhite,1496596124,1496596199,75
oltorf,benwhite,1496617107,1496617298,191
oltorf,benwhite,1496611944,1496612024,80
oltorf,benwhite,1496589782,1496589870,88
oltorf,benwhite,1496606382,1496606515,133
oltorf,benwhite,1496574142,1496574293,151
oltorf,benwhite,1496580092,1496580212,120
oltorf,benwhite,1496602250,1496602276,26
oltorf,benwhite,1496601288,1496601470,182
oltorf,benwhite,1496616213,1496616262,49
oltorf,benwhite,1496611426,1496611510,84
oltorf,benwhite,1496606710,1496606776,66
oltorf,benwhite,1496604786,1496604923,137
oltorf,benwhite,1496614092,1496614198,106
oltorf,benwhite,1496582189,1496582293,104
oltorf,benwhite,1496586476,1496586645,169
oltorf,benwhite,1496612960,1496613037,77
oltorf,benwhite,1496607117,1496607269,152
oltorf,benwhite,1496591179,1496591204,25
oltorf,benwhite,1496607847,1496607966,119
oltorf,benwhite,1496572824,1496573014,190
oltorf,benwhite,1496601101,1496601281,180
oltorf,benwhite,1496573254,1496573341,87
oltorf,benwhite,1496597560,1496597740,180
oltorf,benwhite,1496603205,1496603235,30
oltorf,benwhite,1496590707,1496590903,196
oltorf,benwhite,1496611032,1496611131,99
oltorf,benwhite,1496583483,1496583551,68
oltorf,benwhite,1496574067,1496574177,110
oltorf,benwhite,1496617644,1496617698,54
oltorf,benwhite,1496612087,1496612245,158
oltorf,benwhite,1496569099,1496569295,196
oltorf,benwhite,1496590255,1496590372,117
oltorf,benwhite,1496615632,1496615816,184
oltorf,benwhite,1496571943,1496572066,123
oltorf,benwhite,1496586418,1496586441,23
oltorf,benwhite,1496603563,1496603594,31
oltorf,benwhite,1496582877,1496583042,165
oltorf,benwhite,1496599351,1496599428,77
oltorf,benwhite,1496613319,1496613365,46
oltorf,benwhite,1496576694,1496576875,181
oltorf,benwhite,1496588602,1496588612,10
oltorf,benwhite,1496613085,1496613263,178
oltorf,benwhite,1496579283,1496579442,159
oltorf,benwhite,1496573787,1496573882,95
oltorf,benwhite,1496617956,1496617998,42
oltorf,benwhite,1496583490,1496583650,160
oltorf,benwhite,1496572722,1496572786,64
oltorf,benwhite,1496589948,1496590058,110
oltorf,benwhite,1496600163,1496600263,100
oltorf,benwhite,1496579395,1496579480,85
oltorf,benwhite,1496597865,1496597909,44
oltorf,benwhite,1496584017,1496584036,19
oltorf,benwhite,1496590636,1496590808,172
oltorf,benwhite,1496605506,1496605516,10
oltorf,benwhite,1496614389,1496614481,92
oltorf,benwhite,1496613755,1496613813,58
oltorf,benwhite,1496595705,1496595871,166
oltorf,benwhite,1496616560,1496616622,62
oltorf,benwhite,1496582697,1496582730,33
oltorf,benwhite,1496579799,1496579953,154
oltorf,benwhite,1496612595,1496612767,172
oltorf,benwhite,1496573253,1496573385,132
oltorf,benwhite,1496589730,1496589780,50
oltorf,benwhite,1496590541,1496590645,104
oltorf,benwhite,1496569015,1496569195,180
oltorf,benwhite,1496607749,1496607795,46
oltorf,benwhite,1496569125,1496569218,93
oltorf,benwhite,1496573614,1496573756,142
oltorf,benwhite,1496594521,1496594523,2
oltorf,benwhite,1496609734,1496609793,59
oltorf,benwhite,1496611950,1496612088,138
oltorf,benwhite,1496589143,1496589274,131
oltorf,benwhite,1496589744,1496589902,158
oltorf,benwhite,1496587045,1496587059,14
oltorf,benwhite,1496589672,1496589714,42
oltorf,benwhite,1496575392,1496575416,24
oltorf,benwhite,1496570209,1496570313,104
oltorf,benwhite,1496590203,1496590250,47
oltorf,benwhite,1496600007,1496600062,55
oltorf,benwhite,1496614215,1496614298,83
oltorf,benwhite,1496584480,1496584571,91
oltorf,benwhite,1496587297,1496587463,166
oltorf,benwhite,1496583103,1496583122,19
oltorf,benwhite,1496571114,1496571248,134
oltorf,benwhite,1496605096,1496605207,111
oltorf,benwhite,1496584797,1496584971,174
oltorf,benwhite,1496568365,1496568501,136
oltorf,benwhite,1496590488,1496590569,81
oltorf,benwhite,1496609204,1496609289,85
oltorf,benwhite,1496577194,1496577375,181
oltorf,benwhite,1496591332,1496591442,110
oltorf,benwhite,1496606515,1496606637,122
oltorf,benwhite,1496609287,1496609367,80
oltorf,benwhite,1496599836,1496599902,66
oltorf,benwhite,1496597688,1496597744,56
oltorf,benwhite,1496575081,1496575169,88
oltorf,benwhite,1496604796,1496604833,37
oltorf,benwhite,1496580373,1496580411,38
oltorf,benwhite,1496581658,1496581857,199
oltorf,benwhite,1496588946,1496589067,121
oltorf,benwhite,1496617206,1496617303,97
oltorf,benwhite,1496582646,1496582664,18
oltorf,benwhite,1496588160,1496588260,100
oltorf,benwhite,1496602960,1496603051,91
oltorf,benwhite,1496596668,1496596850,182
oltorf,benwhite,1496594094,1496594125,31
oltorf,benwhite,1496596938,1496597037,99
oltorf,benwhite,1496584542,1496584726,184
oltorf,benwhite,1496586759,1496586765,6
oltorf,benwhite,1496615555,1496615594,39
oltorf,benwhite,1496594351,1496594491,140
oltorf,benwhite,1496597259,1496597334,75
oltorf,benwhite,1496615501,1496615626,125
oltorf,benwhite,1496614745,1496614788,43
oltorf,benwhite,1496580112,1496580299,187
oltorf,benwhite,1496591672,1496591705,33
oltorf,benwhite,1496602090,1496602252,162
oltorf,benwhite,1496594635,1496594746,111
oltorf,benwhite,1496584901,1496585012,111
oltorf,benwhite,1496580949,1496581105,156
oltorf,benwhite,1496592727,1496592798,71
oltorf,benwhite,1496590526,1496590668,142
oltorf,benwhite,1496571053,1496571183,130
oltorf,benwhite,1496615907,1496615979,72
oltorf,benwhite,1496608932,1496608942,10
oltorf,benwhite,1496584441,1496584532,91
oltorf,benwhite,1496588988,1496589095,107
oltorf,benwhite,1496617941,1496618071,130
oltorf,benwhite,1496594601,1496594650,49
oltorf,benwhite,1496581652,1496581838,186
oltorf,benwhite,1496579279,1496579392,113
oltorf,benwhite,1496577409,1496577448,39
oltorf,benwhite,1496618080,1496618265,185
oltorf,benwhite,1496582050,1496582192,142
oltorf,benwhite,1496575416,1496575603,187
oltorf,benwhite,1496603415,1496603437,22
oltorf,benwhite,1496607294,1496607406,112
oltorf,benwhite,1496578601,1496578691,90
oltorf,benwhite,1496582637,1496582796,159
oltorf,benwhite,1496590161,1496590288,127
oltorf,benwhite,1496591712,1496591805,93
oltorf,benwhite,1496584722,1496584739,17
oltorf,benwhite,1496581926,1496581954,28
oltorf,benwhite,1496612012,1496612173,161
oltorf,benwhite,1496613224,1496613376,152
oltorf,benwhite,1496599739,1496599926,187
oltorf,benwhite,1496594639,1496594789,150
oltorf,benwhite,1496600188,1496600383,195
oltorf,benwhite,1496609702,1496609870,168
oltorf,benwhite,1496607003,1496607092,89
oltorf,benwhite,1496582977,1496583011,34
oltorf,benwhite,1496571243,1496571259,16
oltorf,benwhite,1496590573,1496590743,170
oltorf,benwhite,1496576287,1496576308,21
oltorf,benwhite,1496580067,1496580181,114
oltorf,benwhite,1496579407,1496579550,143
oltorf,benwhite,1496618394,1496618520,126
oltorf,benwhite,1496590825,1496590830,5
oltorf,benwhite,1496611986,1496612113,127
oltorf,benwhite,1496604538,1496604550,12
oltorf,benwhite,1496605843,1496606008,165
oltorf,benwhite,1496579406,1496579418,12
oltorf,benwhite,1496613178,1496613211,33
oltorf,benwhite,1496607092,1496607281,189
oltorf,benwhite,1496589318,1496589374,56
oltorf,benwhite,1496598187,1496598360,173
oltorf,benwhite,1496611571,1496611693,122
oltorf,benwhite,1496577237,1496577253,16
oltorf,benwhite,1496603300,1496603370,70
oltorf,benwhite,1496568519,1496568612,93
oltorf,benwhite,1496569376,1496569403,27
oltorf,benwhite,1496595373,1496595385,12
oltorf,benwhite,1496573982,1496574055,73
oltorf,benwhite,1496601501,1496601579,78
oltorf,benwhite,1496570625,1496570762,137
oltorf,benwhite,1496586698,1496586799,101
oltorf,benwhite,1496572347,1496572475,128
oltorf,benwhite,1496598887,1496598936,49
oltorf,benwhite,1496616309,1496616309,0
oltorf,benwhite,1496582991,1496583150,159
oltorf,benwhite,1496581281,1496581419,138
oltorf,benwhite,1496594789,1496594897,108
oltorf,benwhite,1496594194,1496594381,187
oltorf,benwhite,1496606975,1496606983,8
oltorf,benwhite,1496568118,1496568256,138
oltorf,benwhite,1496600316,1496600354,38
oltorf,benwhite,1496613787,1496613891,104
oltorf,benwhite,1496575624,1496575731,107
oltorf,benwhite,1496571993,1496572188,195
oltorf,benwhite,1496614206,1496614392,186
oltorf,benwhite,1496584542,1496584638,96
oltorf,benwhite,1496599229,1496599291,62
oltorf,benwhite,1496588804,1496588964,160
oltorf,benwhite,1496578819,1496578996,177
oltorf,benwhite,1496611613,1496611808,195
oltorf,benwhite,1496587837,1496588016,179
oltorf,benwhite,1496587824,1496587840,16
oltorf,benwhite,1496585908,1496585965,57
oltorf,benwhite,1496576495,1496576541,46
oltorf,benwhite,1496608156,1496608326,170
oltorf,benwhite,1496605336,1496605445,109
oltorf,benwhite,1496578825,1496578988,163
oltorf,benwhite,1496610928,1496610988,60
oltorf,benwhite,1496578491,1496578541,50
oltorf,benwhite,1496598202,1496598207,5
oltorf,benwhite,1496600465,1496600636,171
oltorf,benwhite,1496590270,1496590442,172
oltorf,benwhite,1496610428,1496610623,195
oltorf,benwhite,1496568507,1496568513,6
oltorf,benwhite,1496601576,1496601589,13
oltorf,benwhite,1496586054,1496586150,96
oltorf,benwhite,1496593422,1496593474,52
oltorf,benwhite,1496572021,1496572086,65
oltorf,benwhite,1496593479,1496593638,159
oltorf,benwhite,1496601660,1496601807,147
oltorf,benwhite,1496615200,1496615375,175
oltorf,benwhite,1496593293,1496593316,23
oltorf,benwhite,1496570025,1496570079,54
oltorf,benwhite,1496588673,1496588714,41
oltorf,benwhite,1496606782,1496606960,178
oltorf,benwhite,1496604640,1496604752,112
oltorf,benwhite,1496589466,1496589617,151
oltorf,benwhite,1496580647,1496580781,134
oltorf,benwhite,1496602770,1496602855,85
oltorf,benwhite,1496594407,1496594462,55
oltorf,benwhite,1496593912,1496594032,120
oltorf,benwhite,1496589947,1496590081,134
oltorf,benwhite,1496616295,1496616400,105
oltorf,benwhite,1496581608,1496581652,44
oltorf,benwhite,1496584650,1496584668,18
oltorf,benwhite,1496613336,1496613341,5
oltorf,benwhite,1496615162,1496615287,125
oltorf,benwhite,1496591228,1496591302,74
oltorf,benwhite,1496601900,1496602041,141
oltorf,benwhite,1496616122,1496616281,159
oltorf,benwhite,1496596984,1496597094,110
oltorf,benwhite,1496583371,1496583419,48
oltorf,benwhite,1496603097,1496603163,66
oltorf,benwhite,1496579557,1496579564,7
oltorf,benwhite,1496586146,1496586256,110
oltorf,benwhite,1496598913,1496598973,60
oltorf,benwhite,1496615825,1496615945,120
oltorf,benwhite,1496600166,1496600364,198
oltorf,benwhite,1496612484,1496612588,104
oltorf,benwhite,1496591242,1496591261,19
oltorf,benwhite,1496606306,1496606430,124
oltorf,benwhite,1496590068,1496590176,108
oltorf,benwhite,1496600233,1496600329,96
oltorf,benwhite,1496611710,1496611838,128
oltorf,benwhite,1496596892,1496596914,22
oltorf,benwhite,1496604834,1496605024,190
oltorf,benwhite,1496609935,1496610034,99
oltorf,benwhite,1496602614,1496602621,7
oltorf,benwhite,1496571244,1496571405,161
oltorf,benwhite,1496611341,1496611411,70
oltorf,benwhite,1496607928,1496607961,33
oltorf,benwhite,1496576459,1496576497,38
oltorf,benwhite,1496608125,1496608175,50
oltorf,benwhite,1496616560,1496616732,172
oltorf,benwhite,1496594401,1496594584,183
oltorf,benwhite,1496588588,1496588698,110
oltorf,benwhite,1496593207,1496593351,144
oltorf,benwhite,1496589674,1496589814,140
oltorf,benwhite,1496613696,1496613807,111
oltorf,benwhite,1496580652,1496580751,99
oltorf,benwhite,1496589971,1496590041,70
oltorf,benwhite,1496608214,1496608261,47
oltorf,benwhite,1496570642,1496570658,16
oltorf,benwhite,1496588003,1496588154,151
oltorf,benwhite,1496581101,1496581136,35
oltorf,benwhite,1496584537,1496584720,183
oltorf,benwhite,1496611183,1496611276,93
oltorf,benwhite,1496607139,1496607295,156
oltorf,benwhite,1496617349,1496617406,57
oltorf,benwhite,1496613525,1496613617,92
oltorf,benwhite,1496617017,1496617048,31
oltorf,benwhite,1496572043,1496572141,98
oltorf,benwhite,1496607892,1496607917,25
oltorf,benwhite,1496583029,1496583044,15
oltorf,benwhite,1496570410,1496570472,62
oltorf,benwhite,1496578267,1496578444,177
oltorf,benwhite,1496588031,1496588032,1
oltorf,benwhite,1496578984,1496578985,1
oltorf,benwhite,1496571663,1496571733,70
oltorf,benwhite,1496591773,1496591921,148
oltorf,benwhite,1496606040,1496606066,26
oltorf,benwhite,1496591136,1496591304,168
oltorf,benwhite,1496576524,1496576665,141
oltorf,benwhite,1496610477,1496610568,91
oltorf,benwhite,1496608272,1496608364,92
oltorf,benwhite,1496595077,1496595257,180
oltorf,benwhite,1496585844,1496585982,138
oltorf,benwhite,1496579012,1496579179,167
oltorf,benwhite,1496613862,1496613889,27
oltorf,benwhite,1496589691,1496589872,181
oltorf,benwhite,1496617705,1496617743,38
oltorf,benwhite,1496576912,1496576997,85
oltorf,benwhite,1496603474,1496603494,20
oltorf,benwhite,1496598661,1496598856,195
oltorf,benwhite,1496593461,1496593520,59
oltorf,benwhite,1496599331,1496599497,166
oltorf,benwhite,1496613731,1496613747,16
oltorf,benwhite,1496591086,1496591267,181
oltorf,benwhite,1496615863,1496615967,104
oltorf,benwhite,1496604224,1496604407,183
oltorf,benwhite,1496616305,1496616325,20
oltorf,benwhite,1496579159,1496579263,104
oltorf,benwhite,1496573946,1496573963,17
oltorf,benwhite,1496609360,1496609408,48
oltorf,benwhite,1496600378,1496600575,197
oltorf,benwhite,1496590728,1496590910,182
oltorf,benwhite,1496616181,1496616208,27
oltorf,benwhite,1496598390,1496598409,19
oltorf,benwhite,1496580648,1496580820,172
oltorf,benwhite,1496569030,1496569045,15
oltorf,benwhite,1496596650,1496596765,115
oltorf,benwhite,1496594004,1496594201,197
oltorf,benwhite,1496582658,1496582708,50
oltorf,benwhite,1496608648,1496608698,50
oltorf,benwhite,1496580114,1496580253,139
oltorf,benwhite,1496594032,1496594079,47
oltorf,benwhite,1496571630,1496571745,115
oltorf,benwhite,1496576522,1496576703,181
oltorf,benwhite,1496607729,1496607781,52
oltorf,benwhite,1496599046,1496599117,71
oltorf,benwhite,1496618063,1496618248,185
oltorf,benwhite,1496587509,1496587513,4
oltorf,benwhite,1496578776,1496578803,27
oltorf,benwhite,1496593980,1496594007,27
oltorf,benwhite,1496612479,1496612606,127
oltorf,benwhite,1496607794,1496607846,52
oltorf,benwhite,1496569663,1496569796,133
oltorf,benwhite,1496605940,1496605952,12
oltorf,benwhite,1496578806,1496578921,115
oltorf,benwhite,1496584233,1496584402,169
oltorf,benwhite,1496591490,1496591563,73
oltorf,benwhite,1496583123,1496583263,140
oltorf,benwhite,1496617295,1496617418,123
oltorf,benwhite,1496616100,1496616263,163
oltorf,benwhite,1496601927,1496602093,166
oltorf,benwhite,1496591381,1496591575,194
oltorf,benwhite,1496578037,1496578062,25
oltorf,benwhite,1496600686,1496600811,125
oltorf,benwhite,1496610273,1496610415,142
oltorf,benwhite,1496593000,1496593075,75
oltorf,benwhite,1496583281,1496583384,103
oltorf,benwhite,1496585393,1496585563,170
oltorf,benwhite,1496602695,1496602812,117
oltorf,benwhite,1496592444,1496592548,104
oltorf,benwhite,1496609431,1496609538,107
oltorf,benwhite,1496597807,1496597985,178
oltorf,benwhite,1496587743,1496587814,71
oltorf,benwhite,1496618280,1496618287,7
oltorf,benwhite,1496588900,1496588997,97
oltorf,benwhite,1496568729,1496568905,176
oltorf,benwhite,1496599598,1496599642,44
oltorf,benwhite,1496585486,1496585588,102
oltorf,benwhite,1496597279,1496597307,28
oltorf,benwhite,1496582318,1496582447,129
oltorf,benwhite,1496593128,1496593233,105
oltorf,benwhite,1496575487,1496575568,81
oltorf,benwhite,1496608477,1496608567,90
oltorf,benwhite,1496593381,1496593451,70
oltorf,benwhite,1496612028,1496612140,112
oltorf,benwhite,1496594591,1496594757,166
oltorf,benwhite,1496596413,1496596454,41
oltorf,benwhite,1496594806,1496594942,136
oltorf,benwhite,1496594271,1496594272,1
oltorf,benwhite,1496614432,1496614614,182
oltorf,benwhite,1496615796,1496615880,84
oltorf,benwhite,1496587755,1496587835,80
oltorf,benwhite,1496595448,1496595457,9
oltorf,benwhite,1496608429,1496608511,82
oltorf,benwhite,1496600845,1496600919,74
oltorf,benwhite,1496600367,1496600470,103
oltorf,benwhite,1496611800,1496611837,37
oltorf,benwhite,1496607563,1496607627,64
oltorf,benwhite,1496597809,1496597939,130
oltorf,benwhite,1496582593,1496582656,63
oltorf,benwhite,1496587109,1496587292,183
oltorf,benwhite,1496586976,1496586988,12
oltorf,benwhite,1496607967,1496608108,141
oltorf,benwhite,1496614014,1496614071,57
oltorf,benwhite,1496585490,1496585632,142
oltorf,benwhite,1496611508,1496611514,6
oltorf,benwhite,1496611414,1496611528,114
oltorf,benwhite,1496611362,1496611418,56
oltorf,benwhite,1496589739,1496589875,136
oltorf,benwhite,1496602441,1496602496,55
oltorf,benwhite,1496587006,1496587152,146
oltorf,benwhite,1496589607,1496589729,122
oltorf,benwhite,1496574068,1496574236,168
oltorf,benwhite,1496580456,1496580462,6
oltorf,benwhite,1496607598,1496607649,51
oltorf,benwhite,1496597539,1496597579,40
oltorf,benwhite,1496612122,1496612251,129
oltorf,benwhite,1496574368,1496574477,109
oltorf,benwhite,1496593993,1496594118,125
oltorf,benwhite,1496598052,1496598214,162
oltorf,benwhite,1496568344,1496568404,60
oltorf,benwhite,1496581137,1496581247,110
oltorf,benwhite,1496600633,1496600825,192
oltorf,benwhite,1496602532,1496602534,2
oltorf,benwhite,1496608318,1496608425,107
oltorf,benwhite,1496606187,1496606198,11
oltorf,benwhite,1496591491,1496591623,132
oltorf,benwhite,1496611569,1496611679,110
oltorf,benwhite,1496606965,1496607009,44
oltorf,benwhite,1496601013,1496601091,78
oltorf,benwhite,1496613134,1496613261,127
oltorf,benwhite,1496597626,1496597650,24
oltorf,benwhite,1496578122,1496578137,15
oltorf,benwhite,1496593828,1496593896,68
oltorf,benwhite,1496610738,1496610830,92
oltorf,benwhite,1496574562,1496574605,43
oltorf,benwhite,1496586258,1496586287,29
oltorf,benwhite,1496571878,1496571985,107
oltorf,benwhite,1496604761,1496604868,107
oltorf,benwhite,1496596127,1496596323,196
oltorf,benwhite,1496582054,1496582073,19
oltorf,benwhite,1496601235,1496601253,18
oltorf,benwhite,1496571557,1496571586,29
oltorf,benwhite,1496617401,1496617461,60
oltorf,benwhite,1496594402,1496594439,37
oltorf,benwhite,1496618300,1496618460,160
oltorf,benwhite,1496588195,1496588332,137
oltorf,benwhite,1496587502,1496587646,144
oltorf,benwhite,1496577754,1496577773,19
oltorf,benwhite,1496603190,1496603251,61
oltorf,benwhite,1496592199,1496592232,33
oltorf,benwhite,1496575672,1496575728,56
oltorf,benwhite,1496601519,1496601609,90
oltorf,benwhite,1496611241,1496611318,77
oltorf,benwhite,1496588832,1496588992,160
oltorf,benwhite,1496591519,1496591636,117
oltorf,benwhite,1496595755,1496595908,153
oltorf,benwhite,1496589465,1496589585,120
oltorf,benwhite,1496590514,1496590560,46
oltorf,benwhite,1496586266,1496586463,197
oltorf,benwhite,1496593517,1496593562,45
oltorf,benwhite,1496576292,1496576380,88
oltorf,benwhite,1496578801,1496579000,199
oltorf,benwhite,1496573670,1496573753,83
oltorf,benwhite,1496574983,1496575181,198
oltorf,benwhite,1496603617,1496603673,56
oltorf,benwhite,1496598840,1496599030,190
oltorf,benwhite,1496569560,1496569636,76
oltorf,benwhite,1496597639,1496597824,185
oltorf,benwhite,1496592482,1496592486,4
oltorf,benwhite,1496582497,1496582692,195
oltorf,benwhite,1496610500,1496610590,90
oltorf,benwhite,1496599659,1496599707,48
oltorf,benwhite,1496597376,1496597505,129
oltorf,benwhite,1496599746,1496599881,135
oltorf,benwhite,1496571375,1496571571,196
oltorf,benwhite,1496593687,1496593869,182
oltorf,benwhite,1496578704,1496578756,52
oltorf,benwhite,1496599271,1496599344,73
oltorf,benwhite,1496584044,1496584122,78
oltorf,benwhite,1496582613,1496582712,99
oltorf,benwhite,1496583599,1496583661,62
oltorf,benwhite,1496578239,1496578294,55
oltorf,benwhite,1496572144,1496572292,148
oltorf,benwhite,1496572717,1496572898,181
oltorf,benwhite,1496577899,1496577973,74
oltorf,benwhite,1496607186,1496607333,147
oltorf,benwhite,1496586585,1496586759,174
oltorf,benwhite,1496585332,1496585422,90
oltorf,benwhite,1496578117,1496578302,185
oltorf,benwhite,1496593436,1496593600,164
oltorf,benwhite,1496609017,1496609203,186
oltorf,benwhite,1496609482,1496609643,161
oltorf,benwhite,1496613457,1496613600,143
oltorf,benwhite,1496582107,1496582110,3
oltorf,benwhite,1496604805,1496604865,60
oltorf,benwhite,1496601080,1496601209,129
oltorf,benwhite,1496606485,1496606582,97
oltorf,benwhite,1496604344,1496604522,178
oltorf,benwhite,1496588727,1496588830,103
oltorf,benwhite,1496585814,1496585884,70
oltorf,benwhite,1496582380,1496582493,113
oltorf,benwhite,1496595160,1496595285,125
oltorf,benwhite,1496606297,1496606371,74
oltorf,benwhite,1496605413,1496605516,103
oltorf,benwhite,1496572347,1496572382,35
oltorf,benwhite,1496573648,1496573769,121
oltorf,benwhite,1496583827,1496583901,74
oltorf,benwhite,1496582094,1496582170,76
oltorf,benwhite,1496610544,1496610630,86
oltorf,benwhite,1496609504,1496609590,86
oltorf,benwhite,1496608320,1496608377,57
oltorf,benwhite,1496582569,1496582670,101
oltorf,benwhite,1496606468,1496606583,115
oltorf,benwhite,1496573387,1496573535,148
oltorf,benwhite,1496572494,1496572603,109
oltorf,benwhite,1496589544,1496589578,34
oltorf,benwhite,1496589485,1496589510,25
oltorf,benwhite,1496590713,1496590776,63
oltorf,benwhite,1496570735,1496570777,42
oltorf,benwhite,1496612492,1496612615,123
oltorf,benwhite,1496616900,1496617040,140
oltorf,benwhite,1496588817,1496588905,88
oltorf,benwhite,1496587669,1496587850,181
oltorf,benwhite,1496584560,1496584674,114
oltorf,benwhite,1496614052,1496614193,141
oltorf,benwhite,1496617785,1496617837,52
oltorf,benwhite,1496571734,1496571763,29
oltorf,benwhite,1496605185,1496605229,44
oltorf,benwhite,1496604995,1496605063,68
oltorf,benwhite,1496576376,1496576405,29
oltorf,benwhite,1496581110,1496581256,146
oltorf,benwhite,1496598935,1496598942,7
oltorf,benwhite,1496584544,1496584589,45
oltorf,benwhite,1496579942,1496580141,199
oltorf,benwhite,1496617286,1496617462,176
oltorf,benwhite,1496573559,1496573658,99
oltorf,benwhite,1496606737,1496606823,86
oltorf,benwhite,1496615550,1496615663,113
oltorf,benwhite,1496570081,1496570236,155
oltorf,benwhite,1496594109,1496594226,117
oltorf,benwhite,1496611021,1496611077,56
oltorf,benwhite,1496581522,1496581691,169
oltorf,benwhite,1496582860,1496582896,36
oltorf,benwhite,1496579041,1496579122,81
oltorf,benwhite,1496605399,1496605403,4
oltorf,benwhite,1496588253,1496588408,155
oltorf,benwhite,1496596689,1496596837,148
oltorf,benwhite,1496568775,1496568915,140
oltorf,benwhite,1496603294,1496603425,131
oltorf,benwhite,1496593186,1496593253,67
oltorf,benwhite,1496586919,1496586941,22
oltorf,benwhite,1496595706,1496595764,58
oltorf,benwhite,1496572312,1496572349,37
oltorf,benwhite,1496618337,1496618493,156
oltorf,benwhite,1496597832,1496597948,116
oltorf,benwhite,1496609815,1496609821,6
oltorf,benwhite,1496606353,1496606385,32
oltorf,benwhite,1496604255,1496604273,18
oltorf,benwhite,1496589993,1496590133,140
oltorf,benwhite,1496576034,1496576145,111
oltorf,benwhite,1496602433,1496602433,0
oltorf,benwhite,1496587434,1496587610,176
oltorf,benwhite,1496597821,1496597896,75
oltorf,benwhite,1496608761,1496608948,187
oltorf,benwhite,1496573722,1496573871,149
oltorf,benwhite,1496611887,1496611899,12
oltorf,benwhite,1496606600,1496606751,151
oltorf,benwhite,1496612268,1496612364,96
oltorf,benwhite,1496579267,1496579358,91
oltorf,benwhite,1496583027,1496583077,50
oltorf,benwhite,1496590087,1496590222,135
oltorf,benwhite,1496572716,1496572904,188
oltorf,benwhite,1496588649,1496588734,85
oltorf,benwhite,1496580428,1496580552,124
oltorf,benwhite,1496599084,1496599138,54
oltorf,benwhite,1496578533,1496578547,14
oltorf,benwhite,1496594333,1496594427,94
oltorf,benwhite,1496603759,1496603957,198
oltorf,benwhite,1496609649,1496609738,89
oltorf,benwhite,1496570541,1496570547,6
oltorf,benwhite,1496575968,1496576037,69
oltorf,benwhite,1496597513,1496597606,93
oltorf,benwhite,1496594021,1496594175,154
oltorf,benwhite,1496610612,1496610733,121
oltorf,benwhite,1496617825,1496617976,151
oltorf,benwhite,1496569283,1496569304,21
oltorf,benwhite,1496568688,1496568781,93
oltorf,benwhite,1496573222,1496573362,140
oltorf,benwhite,1496591843,1496592013,170
oltorf,benwhite,1496609875,1496610017,142
oltorf,benwhite,1496616788,1496616932,144
oltorf,benwhite,1496604581,1496604708,127
oltorf,benwhite,1496614027,1496614111,84
oltorf,benwhite,1496591846,1496591880,34
oltorf,benwhite,1496605860,1496605961,101
oltorf,benwhite,1496617203,1496617279,76
oltorf,benwhite,1496590449,1496590514,65
oltorf,benwhite,1496617002,1496617126,124
oltorf,benwhite,1496581303,1496581347,44
oltorf,benwhite,1496582759,1496582870,111
oltorf,benwhite,1496599377,1496599499,122
oltorf,benwhite,1496616977,1496617043,66
oltorf,benwhite,1496597538,1496597643,105
oltorf,benwhite,1496569467,1496569648,181
oltorf,benwhite,1496612082,1496612144,62
oltorf,benwhite,1496592622,1496592640,18
oltorf,benwhite,1496584917,1496585007,90
oltorf,benwhite,1496612267,1496612294,27
oltorf,benwhite,1496604440,1496604473,33
oltorf,benwhite,1496612258,1496612377,119
oltorf,benwhite,1496573320,1496573456,136
oltorf,benwhite,1496594784,1496594829,45
oltorf,benwhite,1496588229,1496588365,136
oltorf,benwhite,1496595578,1496595723,145
oltorf,benwhite,1496613397,1496613521,124
oltorf,benwhite,1496577610,1496577795,185
oltorf,benwhite,1496573117,1496573259,142
oltorf,benwhite,1496582137,1496582187,50
oltorf,benwhite,1496569824,1496569949,125
oltorf,benwhite,1496606076,1496606172,96
oltorf,benwhite,1496578138,1496578242,104
oltorf,benwhite,1496572402,1496572435,33
oltorf,benwhite,1496573874,1496573927,53
oltorf,benwhite,1496596313,1496596410,97
oltorf,benwhite,1496593454,1496593497,43
oltorf,benwhite,1496581585,1496581704,119
oltorf,benwhite,1496614899,1496615025,126
oltorf,benwhite,1496612639,1496612683,44
oltorf,benwhite,1496589048,1496589206,158
oltorf,benwhite,1496606035,1496606117,82
oltorf,benwhite,1496585489,1496585629,140
oltorf,benwhite,1496594672,1496594811,139
oltorf,benwhite,1496617964,1496618050,86
oltorf,benwhite,1496604548,1496604683,135
oltorf,benwhite,1496591187,1496591373,186
oltorf,benwhite,1496571836,1496571975,139
oltorf,benwhite,1496577744,1496577903,159
oltorf,benwhite,1496583690,1496583755,65
oltorf,benwhite,1496610726,1496610898,172
oltorf,benwhite,1496607795,1496607858,63
oltorf,benwhite,1496611464,1496611468,4
oltorf,benwhite,1496586796,1496586951,155
oltorf,benwhite,1496575158,1496575332,174
oltorf,benwhite,1496601316,1496601334,18
oltorf,benwhite,1496602369,1496602378,9
oltorf,benwhite,1496610981,1496611072,91
oltorf,benwhite,1496587212,1496587217,5
oltorf,benwhite,1496584219,1496584359,140
oltorf,benwhite,1496591986,1496592148,162
oltorf,benwhite,1496616044,1496616126,82
oltorf,benwhite,1496594495,1496594517,22
oltorf,benwhite,1496579250,1496579390,140
oltorf,benwhite,1496570256,1496570338,82
oltorf,benwhite,1496583223,1496583225,2
oltorf,benwhite,1496592196,1496592306,110
oltorf,benwhite,1496572793,1496572959,166
oltorf,benwhite,1496579975,1496580084,109
oltorf,benwhite,1496604167,1496604211,44
oltorf,benwhite,1496571380,1496571533,153
oltorf,benwhite,1496608534,1496608657,123
oltorf,benwhite,1496575684,1496575813,129
oltorf,benwhite,1496585839,1496585867,28
oltorf,benwhite,1496587033,1496587209,176
oltorf,benwhite,1496570488,1496570675,187
oltorf,benwhite,1496608114,1496608167,53
oltorf,benwhite,1496582803,1496582947,144
oltorf,benwhite,1496587770,1496587872,102
oltorf,benwhite,1496612551,1496612694,143
oltorf,benwhite,1496611900,1496611986,86
oltorf,benwhite,1496594107,1496594158,51
oltorf,benwhite,1496592871,1496592871,0
oltorf,benwhite,1496618240,1496618248,8
oltorf,benwhite,1496583624,1496583745,121
oltorf,benwhite,1496590106,1496590249,143
oltorf,benwhite,1496576480,1496576604,124
oltorf,benwhite,1496592274,1496592321,47
oltorf,benwhite,1496578732,1496578775,43
oltorf,benwhite,1496597695,1496597714,19
oltorf,benwhite,1496611617,1496611748,131
oltorf,benwhite,1496574550,1496574647,97
oltorf,benwhite,1496574944,1496574986,42
oltorf,benwhite,1496614729,1496614921,192
oltorf,benwhite,1496580806,1496580883,77
oltorf,benwhite,1496601775,1496601974,199
oltorf,benwhite,1496616552,1496616716,164
oltorf,benwhite,1496575177,1496575279,102
oltorf,benwhite,1496605168,1496605283,115
oltorf,benwhite,1496587601,1496587742,141
oltorf,benwhite,1496580717,1496580797,80
oltorf,benwhite,1496587815,1496587977,162
oltorf,benwhite,1496592413,1496592593,180
oltorf,benwhite,1496581663,1496581768,105
oltorf,benwhite,1496580806,1496580886,80
oltorf,benwhite,1496603761,1496603948,187
oltorf,benwhite,1496609233,1496609306,73
oltorf,benwhite,1496597723,1496597778,55
oltorf,benwhite,1496603447,1496603580,133
oltorf,benwhite,1496588734,1496588899,165
oltorf,benwhite,1496593547,1496593667,120
oltorf,benwhite,1496618184,1496618376,192
oltorf,benwhite,1496572274,1496572470,196
oltorf,benwhite,1496606239,1496606272,33
oltorf,benwhite,1496611874,1496611935,61
oltorf,benwhite,1496589285,1496589293,8
oltorf,benwhite,1496589851,1496589925,74
oltorf,benwhite,1496596710,1496596807,97
oltorf,benwhite,1496594037,1496594109,72
oltorf,benwhite,1496584941,1496585071,130
oltorf,benwhite,1496575123,1496575273,150
oltorf,benwhite,1496600788,1496600870,82
oltorf,benwhite,1496601901,1496601956,55
oltorf,benwhite,1496600948,1496601100,152
oltorf,benwhite,1496598076,1496598172,96
oltorf,benwhite,1496568205,1496568376,171
oltorf,benwhite,1496578743,1496578774,31
oltorf,benwhite,1496604449,1496604482,33
oltorf,benwhite,1496584481,1496584533,52
oltorf,benwhite,1496569499,1496569511,12
oltorf,benwhite,1496600753,1496600768,15
oltorf,benwhite,1496574039,1496574131,92
oltorf,benwhite,1496581926,1496582019,93
oltorf,benwhite,1496576411,1496576500,89
oltorf,benwhite,1496579356,1496579399,43
oltorf,benwhite,1496586155,1496586243,88
oltorf,benwhite,1496594424,1496594426,2
oltorf,benwhite,1496603313,1496603378,65
oltorf,benwhite,1496586411,1496586560,149
oltorf,benwhite,1496580691,1496580732,41
oltorf,benwhite,1496594905,1496595046,141
oltorf,benwhite,1496606835,1496606931,96
oltorf,benwhite,1496595056,1496595062,6
oltorf,benwhite,1496589847,1496589964,117
oltorf,benwhite,1496604790,1496604944,154
oltorf,benwhite,1496599646,1496599685,39
oltorf,benwhite,1496596801,1496596951,150
oltorf,benwhite,1496618390,1496618449,59
oltorf,benwhite,1496611685,1496611686,1
oltorf,benwhite,1496607685,1496607734,49
oltorf,benwhite,1496588132,1496588169,37
oltorf,benwhite,1496581835,1496581969,134
oltorf,benwhite,1496611799,1496611925,126
oltorf,benwhite,1496601401,1496601536,135
oltorf,benwhite,1496609232,1496609398,166
oltorf,benwhite,1496580505,1496580548,43
oltorf,benwhite,1496574259,1496574311,52
oltorf,benwhite,1496582553,1496582588,35
oltorf,benwhite,1496603564,1496603619,55
oltorf,benwhite,1496594087,1496594258,171
oltorf,benwhite,1496605243,1496605245,2
oltorf,benwhite,1496575131,1496575170,39
oltorf,benwhite,1496574262,1496574344,82
oltorf,benwhite,1496587081,1496587123,42
oltorf,benwhite,1496601917,1496602108,191
oltorf,benwhite,1496596619,1496596789,170
oltorf,benwhite,1496599067,1496599140,73
oltorf,benwhite,1496612636,1496612739,103
oltorf,benwhite,1496598239,1496598292,53
oltorf,benwhite,1496598377,1496598526,149
oltorf,benwhite,1496588625,1496588792,167
oltorf,benwhite,1496617712,1496617790,78
oltorf,benwhite,1496595446,1496595577,131
oltorf,benwhite,1496572930,1496573092,162
oltorf,benwhite,1496616638,1496616721,83
oltorf,benwhite,1496616121,1496616235,114
oltorf,benwhite,1496600562,1496600658,96
oltorf,benwhite,1496569134,1496569268,134
oltorf,benwhite,1496588156,1496588302,146
oltorf,benwhite,1496573924,1496573956,32
oltorf,benwhite,1496581060,1496581069,9
oltorf,benwhite,1496584090,1496584261,171
oltorf,benwhite,1496590944,1496590958,14
oltorf,benwhite,1496613722,1496613753,31
oltorf,benwhite,1496576481,1496576494,13
oltorf,benwhite,1496579244,1496579392,148
oltorf,benwhite,1496602425,1496602499,74
oltorf,benwhite,1496579906,1496579982,76
oltorf,benwhite,1496615015,1496615210,195
oltorf,benwhite,1496596338,1496596371,33
oltorf,benwhite,1496614071,1496614136,65
oltorf,benwhite,1496588938,1496589063,125
oltorf,benwhite,1496594076,1496594128,52
oltorf,benwhite,1496587820,1496587994,174
oltorf,benwhite,1496594427,1496594582,155
oltorf,benwhite,1496581060,1496581173,113
oltorf,benwhite,1496578144,1496578164,20
oltorf,benwhite,1496596474,1496596502,28
oltorf,benwhite,1496577994,1496578134,140
oltorf,benwhite,1496610842,1496610957,115
oltorf,benwhite,1496611726,1496611739,13
oltorf,benwhite,1496602228,1496602417,189
oltorf,benwhite,1496582165,1496582342,177
oltorf,benwhite,1496576880,1496577043,163
oltorf,benwhite,1496582662,1496582785,123
oltorf,benwhite,1496588809,1496588840,31
oltorf,benwhite,1496613965,1496614086,121
oltorf,benwhite,1496585733,1496585881,148
oltorf,benwhite,1496582113,1496582283,170
oltorf,benwhite,1496599389,1496599411,22
oltorf,benwhite,1496610230,1496610329,99
oltorf,benwhite,1496614814,1496614826,12
oltorf,benwhite,1496600092,1496600113,21
oltorf,benwhite,1496610245,1496610258,13
oltorf,benwhite,1496593026,1496593119,93
oltorf,benwhite,1496588400,1496588500,100
oltorf,benwhite,1496577868,1496578039,171
oltorf,benwhite,1496586421,1496586578,157
oltorf,benwhite,1496608632,1496608771,139
oltorf,benwhite,1496609598,1496609685,87
oltorf,benwhite,1496583266,1496583424,158
oltorf,benwhite,1496588009,1496588183,174
oltorf,benwhite,1496610767,1496610841,74
oltorf,benwhite,1496588423,1496588565,142
oltorf,benwhite,1496576571,1496576763,192
oltorf,benwhite,1496610630,1496610716,86
oltorf,benwhite,1496605515,1496605634,119
oltorf,benwhite,1496608346,1496608384,38
oltorf,benwhite,1496599897,1496599970,73
oltorf,benwhite,1496569024,1496569189,165
oltorf,benwhite,1496595591,1496595743,152
oltorf,benwhite,1496617500,1496617672,172
oltorf,benwhite,1496594311,1496594316,5
oltorf,benwhite,1496592286,1496592287,1
oltorf,benwhite,1496590985,1496591012,27
oltorf,benwhite,1496593210,1496593214,4
oltorf,benwhite,1496583757,1496583820,63
oltorf,benwhite,1496602067,1496602093,26
oltorf,benwhite,1496604101,1496604263,162
oltorf,benwhite,1496607619,1496607774,155
oltorf,benwhite,1496608402,1496608412,10
oltorf,benwhite,1496585885,1496585948,63
oltorf,benwhite,1496593259,1496593262,3
oltorf,benwhite,1496591276,1496591344,68
oltorf,benwhite,1496578799,1496578817,18
oltorf,benwhite,1496597056,1496597180,124
oltorf,benwhite,1496596497,1496596610,113
oltorf,benwhite,1496591363,1496591526,163
oltorf,benwhite,1496603360,1496603362,2
oltorf,benwhite,1496594157,1496594316,159
oltorf,benwhite,1496614602,1496614685,83
oltorf,benwhite,1496584576,1496584746,170
oltorf,benwhite,1496581064,1496581087,23
oltorf,benwhite,1496612642,1496612719,77
oltorf,benwhite,1496616650,1496616823,173
oltorf,benwhite,1496574344,1496574358,14
oltorf,benwhite,1496615165,1496615335,170
oltorf,benwhite,1496588234,1496588355,121
oltorf,benwhite,1496588403,1496588599,196
oltorf,benwhite,1496581070,1496581161,91
oltorf,benwhite,1496617537,1496617566,29
oltorf,benwhite,1496592996,1496593166,170
oltorf,benwhite,1496585864,1496586022,158
oltorf,benwhite,1496580104,1496580132,28
oltorf,benwhite,1496582973,1496582980,7
oltorf,benwhite,1496581897,1496582021,124
oltorf,benwhite,1496568194,1496568251,57
oltorf,benwhite,1496613585,1496613656,71
oltorf,benwhite,1496577848,1496577992,144
oltorf,benwhite,1496599943,1496600056,113
oltorf,benwhite,1496573461,1496573566,105
oltorf,benwhite,1496606485,1496606492,7
oltorf,benwhite,1496580268,1496580425,157
oltorf,benwhite,1496577789,1496577955,166
oltorf,benwhite,1496610971,1496610978,7
oltorf,benwhite,1496582872,1496582878,6
oltorf,benwhite,1496579890,1496580028,138
oltorf,benwhite,1496616132,1496616274,142
oltorf,benwhite,1496599912,1496599988,76
oltorf,benwhite,1496610358,1496610462,104
oltorf,benwhite,1496614914,1496615013,99
oltorf,benwhite,1496570929,1496570986,57
oltorf,benwhite,1496595608,1496595713,105
oltorf,benwhite,1496593275,1496593326,51
oltorf,benwhite,1496569262,1496569400,138
oltorf,benwhite,1496587826,1496587992,166
oltorf,benwhite,1496593858,1496594046,188
oltorf,benwhite,1496608372,1496608399,27
oltorf,benwhite,1496576346,1496576437,91
oltorf,benwhite,1496604059,1496604098,39
oltorf,benwhite,1496604487,1496604649,162
oltorf,benwhite,1496579899,1496580049,150
oltorf,benwhite,1496610445,1496610557,112
oltorf,benwhite,1496591596,1496591772,176
oltorf,benwhite,1496618273,1496618455,182
oltorf,benwhite,1496613293,1496613437,144
oltorf,benwhite,1496577461,1496577610,149
oltorf,benwhite,1496572679,1496572695,16
oltorf,benwhite,1496601583,1496601720,137
oltorf,benwhite,1496618406,1496618507,101
oltorf,benwhite,1496599472,1496599625,153
oltorf,benwhite,1496583335,1496583503,168
oltorf,benwhite,1496589244,1496589385,141
oltorf,benwhite,1496568180,1496568222,42
oltorf,benwhite,1496571476,1496571673,197
oltorf,benwhite,1496600795,1496600891,96
oltorf,benwhite,1496574349,1496574415,66
oltorf,benwhite,1496583312,1496583450,138
oltorf,benwhite,1496574128,1496574138,10
oltorf,benwhite,1496578233,1496578328,95
oltorf,benwhite,1496611575,1496611615,40
oltorf,benwhite,1496609322,1496609512,190
oltorf,benwhite,1496618021,1496618053,32
oltorf,benwhite,1496602343,1496602400,57
oltorf,benwhite,1496599862,1496599883,21
oltorf,benwhite,1496615362,1496615553,191
oltorf,benwhite,1496595771,1496595827,56
oltorf,benwhite,1496610045,1496610136,91
oltorf,benwhite,1496587631,1496587747,116
oltorf,benwhite,1496573189,1496573342,153
oltorf,benwhite,1496585411,1496585580,169
oltorf,benwhite,1496589789,1496589869,80
oltorf,benwhite,1496579760,1496579779,19
oltorf,benwhite,1496612270,1496612376,106
oltorf,benwhite,1496599731,1496599788,57
oltorf,benwhite,1496591871,1496591961,90
oltorf,benwhite,1496571230,1496571284,54
oltorf,benwhite,1496600783,1496600982,199
oltorf,benwhite,1496612661,1496612736,75
oltorf,benwhite,1496612694,1496612792,98
oltorf,benwhite,1496596559,1496596657,98
oltorf,benwhite,1496585212,1496585392,180
oltorf,benwhite,1496592050,1496592134,84
oltorf,benwhite,1496571855,1496571934,79
oltorf,benwhite,1496569787,1496569835,48
oltorf,benwhite,1496603370,1496603475,105
oltorf,benwhite,1496594894,1496594991,97
oltorf,benwhite,1496611411,1496611477,66
oltorf,benwhite,1496592211,1496592368,157
oltorf,benwhite,1496575084,1496575152,68
oltorf,benwhite,1496590299,1496590411,112
oltorf,benwhite,1496616595,1496616700,105
oltorf,benwhite,1496600210,1496600244,34
oltorf,benwhite,1496585417,1496585438,21
oltorf,benwhite,1496584133,1496584155,22
oltorf,benwhite,1496596103,1496596139,36
oltorf,benwhite,1496569000,1496569132,132
oltorf,benwhite,1496612246,1496612351,105
oltorf,benwhite,1496590818,1496590849,31
oltorf,benwhite,1496570818,1496570879,61
oltorf,benwhite,1496577030,1496577091,61
oltorf,benwhite,1496613181,1496613239,58
oltorf,benwhite,1496570051,1496570250,199
oltorf,benwhite,1496573262,1496573419,157
oltorf,benwhite,1496569410,1496569420,10
oltorf,benwhite,1496594475,1496594594,119
oltorf,benwhite,1496601993,1496602062,69
oltorf,benwhite,1496579360,1496579490,130
oltorf,benwhite,1496585483,1496585635,152
oltorf,benwhite,1496585102,1496585117,15
oltorf,benwhite,1496606647,1496606686,39
oltorf,benwhite,1496574924,1496574992,68
oltorf,benwhite,1496575544,1496575660,116
oltorf,benwhite,1496613683,1496613828,145
oltorf,benwhite,1496614735,1496614897,162
oltorf,benwhite,1496572040,1496572232,192
oltorf,benwhite,1496576830,1496576877,47
oltorf,benwhite,1496591790,1496591933,143
oltorf,benwhite,1496607101,1496607248,147
oltorf,benwhite,1496595418,1496595459,41
oltorf,benwhite,1496603479,1496603560,81
oltorf,benwhite,1496606843,1496606865,22
oltorf,benwhite,1496580587,1496580596,9
oltorf,benwhite,1496618461,1496618629,168
oltorf,benwhite,1496588691,1496588855,164
oltorf,benwhite,1496584442,1496584443,1
oltorf,benwhite,1496590945,1496591055,110
oltorf,benwhite,1496592222,1496592262,40
oltorf,benwhite,1496606343,1496606373,30
oltorf,benwhite,1496601450,1496601549,99
oltorf,benwhite,1496611154,1496611199,45
oltorf,benwhite,1496609777,1496609916,139
oltorf,benwhite,1496583741,1496583915,174
oltorf,benwhite,1496598720,1496598905,185
oltorf,benwhite,1496593995,1496594114,119
oltorf,benwhite,1496608992,1496609153,161
oltorf,benwhite,1496611294,1496611347,53
oltorf,benwhite,1496572766,1496572948,182
oltorf,benwhite,1496568664,1496568831,167
oltorf,benwhite,1496579013,1496579142,129
oltorf,benwhite,1496570888,1496570971,83
oltorf,benwhite,1496575776,1496575819,43
oltorf,benwhite,1496614063,1496614224,161
oltorf,benwhite,1496568640,1496568689,49
oltorf,benwhite,1496590357,1496590471,114
oltorf,benwhite,1496603860,1496604006,146
oltorf,benwhite,1496616345,1496616456,111
oltorf,benwhite,1496583015,1496583102,87
oltorf,benwhite,1496604357,1496604446,89
oltorf,benwhite,1496591219,1496591397,178
oltorf,benwhite,1496593206,1496593282,76
oltorf,benwhite,1496615700,1496615854,154
oltorf,benwhite,1496581016,1496581205,189
oltorf,benwhite,1496590118,1496590141,23
oltorf,benwhite,1496572580,1496572769,189
oltorf,benwhite,1496575659,1496575692,33
oltorf,benwhite,1496577910,1496577920,10
oltorf,benwhite,1496607767,1496607961,194
oltorf,benwhite,1496586547,1496586578,31
oltorf,benwhite,1496574315,1496574404,89
oltorf,benwhite,1496586995,1496587042,47
oltorf,benwhite,1496568385,1496568410,25
oltorf,benwhite,1496574128,1496574176,48
oltorf,benwhite,1496576732,1496576748,16
oltorf,benwhite,1496586283,1496586475,192
oltorf,benwhite,1496574283,1496574323,40
oltorf,benwhite,1496616423,1496616564,141
oltorf,benwhite,1496592163,1496592214,51
oltorf,benwhite,1496570096,1496570168,72
oltorf,benwhite,1496613271,1496613437,166
oltorf,benwhite,1496570742,1496570782,40
oltorf,benwhite,1496592924,1496593019,95
oltorf,benwhite,1496569165,1496569310,145
oltorf,benwhite,1496576765,1496576870,105
oltorf,benwhite,1496611581,1496611699,118
oltorf,benwhite,1496614062,1496614087,25
oltorf,benwhite,1496609993,1496610053,60
oltorf,benwhite,1496575358,1496575493,135
oltorf,benwhite,1496604979,1496605050,71
oltorf,benwhite,1496596029,1496596093,64
oltorf,benwhite,1496572825,1496572999,174
oltorf,benwhite,1496609187,1496609246,59
oltorf,benwhite,1496577853,1496577984,131
oltorf,benwhite,1496607941,1496607989,48
oltorf,benwhite,1496573338,1496573370,32
oltorf,benwhite,1496617000,1496617146,146
oltorf,benwhite,1496587770,1496587903,133
oltorf,benwhite,1496576995,1496577131,136
oltorf,benwhite,1496594906,1496594907,1
oltorf,benwhite,1496616218,1496616253,35
oltorf,benwhite,1496596400,1496596553,153
oltorf,benwhite,1496597638,1496597754,116
oltorf,benwhite,1496578231,1496578385,154
oltorf,benwhite,1496580176,1496580319,143
oltorf,benwhite,1496600627,1496600701,74
oltorf,benwhite,1496617840,1496617924,84
oltorf,benwhite,1496570041,1496570078,37
oltorf,benwhite,1496586142,1496586264,122
oltorf,benwhite,1496585513,1496585597,84
oltorf,benwhite,1496569757,1496569786,29
oltorf,benwhite,1496588819,1496588854,35
oltorf,benwhite,1496568170,1496568342,172
oltorf,benwhite,1496598041,1496598052,11
oltorf,benwhite,1496601472,1496601626,154
oltorf,benwhite,1496570055,1496570120,65
oltorf,benwhite,1496580126,1496580287,161
oltorf,benwhite,1496604233,1496604382,149
oltorf,benwhite,1496613841,1496613961,120
oltorf,benwhite,1496614156,1496614187,31
oltorf,benwhite,1496582146,1496582156,10
oltorf,benwhite,1496591715,1496591776,61
oltorf,benwhite,1496610092,1496610104,12
oltorf,benwhite,1496585286,1496585387,101
oltorf,benwhite,1496604462,1496604500,38
oltorf,benwhite,1496591524,1496591651,127
oltorf,benwhite,1496585128,1496585272,144
oltorf,benwhite,1496616496,1496616510,14
oltorf,benwhite,1496583557,1496583731,174
oltorf,benwhite,1496605525,1496605625,100
oltorf,benwhite,1496593738,1496593903,165
oltorf,benwhite,1496604095,1496604246,151
oltorf,benwhite,1496590207,1496590393,186
oltorf,benwhite,1496600378,1496600489,111
oltorf,benwhite,1496573848,1496573862,14
oltorf,benwhite,1496602222,1496602330,108
oltorf,benwhite,1496604189,1496604232,43
oltorf,benwhite,1496600765,1496600806,41
oltorf,benwhite,1496597832,1496597883,51
oltorf,benwhite,1496616763,1496616851,88
oltorf,benwhite,1496582466,1496582540,74
oltorf,benwhite,1496591901,1496592097,196
oltorf,benwhite,1496577825,1496577920,95
oltorf,benwhite,1496591262,1496591390,128
oltorf,benwhite,1496610620,1496610791,171
oltorf,benwhite,1496576169,1496576187,18
oltorf,benwhite,1496608183,1496608306,123
oltorf,benwhite,1496578931,1496578989,58
oltorf,benwhite,1496596222,1496596232,10
oltorf,benwhite,1496610334,1496610495,161
oltorf,benwhite,1496573470,1496573482,12
oltorf,benwhite,1496582678,1496582808,130
oltorf,benwhite,1496613182,1496613270,88
oltorf,benwhite,1496580715,1496580903,188
oltorf,benwhite,1496579296,1496579313,17
oltorf,benwhite,1496613279,1496613346,67
oltorf,benwhite,1496614811,1496614849,38
oltorf,benwhite,1496585852,1496585968,116
oltorf,benwhite,1496589308,1496589359,51
oltorf,benwhite,1496596772,1496596790,18
oltorf,benwhite,1496593595,1496593787,192
oltorf,benwhite,1496596982,1496597040,58
oltorf,benwhite,1496579924,1496580067,143
oltorf,benwhite,1496613327,1496613412,85
oltorf,benwhite,1496605675,1496605695,20
oltorf,benwhite,1496612773,1496612949,176
oltorf,benwhite,1496570602,1496570615,13
oltorf,benwhite,1496574723,1496574811,88
oltorf,benwhite,1496598166,1496598196,30
oltorf,benwhite,1496606887,1496607066,179
oltorf,benwhite,1496574871,1496574996,125
oltorf,benwhite,1496578934,1496578998,64
oltorf,benwhite,1496603833,1496603960,127
oltorf,benwhite,1496605249,1496605382,133
oltorf,benwhite,1496609864,1496610028,164
oltorf,benwhite,1496595565,1496595684,119
oltorf,benwhite,1496617123,1496617178,55
oltorf,benwhite,1496594795,1496594908,113
oltorf,benwhite,1496612013,1496612165,152
oltorf,benwhite,1496610366,1496610389,23
oltorf,benwhite,1496604929,1496605026,97
oltorf,benwhite,1496611950,1496612078,128
oltorf,benwhite,1496603924,1496603943,19
oltorf,benwhite,1496591068,1496591232,164
oltorf,benwhite,1496609559,1496609728,169
oltorf,benwhite,1496575644,1496575740,96
oltorf,benwhite,1496582152,1496582205,53
oltorf,benwhite,1496612039,1496612221,182
oltorf,benwhite,1496616925,1496616973,48
oltorf,benwhite,1496570679,1496570738,59
oltorf,benwhite,1496601305,1496601465,160
oltorf,benwhite,1496594149,1496594335,186
oltorf,benwhite,1496579938,1496580122,184
oltorf,benwhite,1496599374,1496599571,197
oltorf,benwhite,1496613553,1496613644,91
oltorf,benwhite,1496615714,1496615765,51
oltorf,benwhite,1496582080,1496582195,115
oltorf,benwhite,1496582309,1496582399,90
oltorf,benwhite,1496580556,1496580566,10
oltorf,benwhite,1496583966,1496584045,79
oltorf,benwhite,1496585747,1496585758,11
oltorf,benwhite,1496603227,1496603244,17
oltorf,benwhite,1496601070,1496601172,102
oltorf,benwhite,1496617757,1496617812,55
oltorf,benwhite,1496569083,1496569207,124
oltorf,benwhite,1496600968,1496601005,37
oltorf,benwhite,1496584567,1496584741,174
oltorf,benwhite,1496590234,1496590423,189
oltorf,benwhite,1496570864,1496570889,25
oltorf,benwhite,1496582743,1496582786,43
oltorf,benwhite,1496586149,1496586278,129
oltorf,benwhite,1496614961,1496614974,13
oltorf,benwhite,1496572558,1496572650,92
oltorf,benwhite,1496579917,1496579931,14
oltorf,benwhite,1496573985,1496574125,140
oltorf,benwhite,1496597680,1496597784,104
oltorf,benwhite,1496570684,1496570868,184
oltorf,benwhite,1496597803,1496597946,143
oltorf,benwhite,1496611680,1496611816,136
oltorf,benwhite,1496604380,1496604496,116
oltorf,benwhite,1496614928,1496615074,146
oltorf,benwhite,1496584870,1496584897,27
oltorf,benwhite,1496609839,1496609931,92
oltorf,benwhite,1496578820,1496578898,78
oltorf,benwhite,1496598050,1496598081,31
oltorf,benwhite,1496581886,1496581997,111
oltorf,benwhite,1496614399,1496614412,13
oltorf,benwhite,1496611128,1496611172,44
oltorf,benwhite,1496589526,1496589714,188
oltorf,benwhite,1496611130,1496611140,10
oltorf,benwhite,1496568971,1496569065,94
oltorf,benwhite,1496570935,1496571048,113
oltorf,benwhite,1496599986,1496600095,109
oltorf,benwhite,1496587205,1496587304,99
oltorf,benwhite,1496579961,1496579997,36
oltorf,benwhite,1496569629,1496569823,194
oltorf,benwhite,1496607401,1496607520,119
oltorf,benwhite,1496603265,1496603354,89
oltorf,benwhite,1496585367,1496585478,111
oltorf,benwhite,1496588067,1496588208,141
oltorf,benwhite,1496610735,1496610821,86
oltorf,benwhite,1496580383,1496580487,104
oltorf,benwhite,1496590702,1496590709,7
oltorf,benwhite,1496577820,1496577929,109
oltorf,benwhite,1496610896,1496611073,177
oltorf,benwhite,1496596438,1496596471,33
oltorf,benwhite,1496617976,1496617990,14
oltorf,benwhite,1496608133,1496608236,103
oltorf,benwhite,1496603922,1496603979,57
oltorf,benwhite,1496609287,1496609360,73
oltorf,benwhite,1496606474,1496606477,3
oltorf,benwhite,1496575362,1496575555,193
oltorf,benwhite,1496571920,1496572067,147
oltorf,benwhite,1496597015,1496597030,15
oltorf,benwhite,1496584675,1496584706,31
oltorf,benwhite,1496595325,1496595439,114
oltorf,benwhite,1496598339,1496598450,111
oltorf,benwhite,1496592142,1496592210,68
oltorf,benwhite,1496607163,1496607254,91
oltorf,benwhite,1496576801,1496576898,97
oltorf,benwhite,1496577482,1496577582,100
oltorf,benwhite,1496592772,1496592957,185
oltorf,benwhite,1496568648,1496568817,169
oltorf,benwhite,1496570716,1496570867,151
oltorf,benwhite,1496610446,1496610575,129
oltorf,benwhite,1496594288,1496594388,100
oltorf,benwhite,1496585405,1496585562,157
oltorf,benwhite,1496588885,1496588957,72
oltorf,benwhite,1496601096,1496601285,189
oltorf,benwhite,1496597865,1496597967,102
oltorf,benwhite,1496580423,1496580557,134
oltorf,benwhite,1496570922,1496570969,47
oltorf,benwhite,1496612140,1496612324,184
oltorf,benwhite,1496572218,1496572388,170
oltorf,benwhite,1496595759,1496595778,19
oltorf,benwhite,1496574696,1496574871,175
oltorf,benwhite,1496596643,1496596745,102
oltorf,benwhite,1496586530,1496586702,172
oltorf,benwhite,1496574554,1496574575,21
oltorf,benwhite,1496568823,1496569020,197
oltorf,benwhite,1496573234,1496573419,185
oltorf,benwhite,1496599915,1496599949,34
oltorf,benwhite,1496617217,1496617232,15
oltorf,benwhite,1496587015,1496587051,36
oltorf,benwhite,1496581035,1496581209,174
oltorf,benwhite,1496579672,1496579690,18
oltorf,benwhite,1496568905,1496569040,135
oltorf,benwhite,1496585198,1496585230,32
oltorf,benwhite,1496602294,1496602466,172
oltorf,benwhite,1496569307,1496569452,145
oltorf,benwhite,1496616908,1496617022,114
oltorf,benwhite,1496603442,1496603456,14
oltorf,benwhite,1496615702,1496615736,34
oltorf,benwhite,1496618408,1496618577,169
oltorf,benwhite,1496617237,1496617296,59
oltorf,benwhite,1496610322,1496610475,153
oltorf,benwhite,1496580041,1496580159,118
oltorf,benwhite,1496608414,1496608491,77
oltorf,benwhite,1496600673,1496600789,116
oltorf,benwhite,1496597328,1496597520,192
oltorf,benwhite,1496569840,1496569848,8
oltorf,benwhite,1496575174,1496575233,59
oltorf,benwhite,1496602809,1496603008,199
oltorf,benwhite,1496609844,1496609977,133
oltorf,benwhite,1496601971,1496602020,49
oltorf,benwhite,1496597039,1496597079,40
oltorf,benwhite,1496577965,1496577980,15
oltorf,benwhite,1496607622,1496607688,66
oltorf,benwhite,1496583045,1496583190,145
oltorf,benwhite,1496579645,1496579840,195
oltorf,benwhite,1496614107,1496614188,81
oltorf,benwhite,1496571748,1496571881,133
oltorf,benwhite,1496614617,1496614801,184
oltorf,benwhite,1496586938,1496586978,40
oltorf,benwhite,1496604824,1496604900,76
oltorf,benwhite,1496606892,1496607074,182
oltorf,benwhite,1496569005,1496569046,41
oltorf,benwhite,1496592158,1496592215,57
oltorf,benwhite,1496601546,1496601680,134
oltorf,benwhite,1496589169,1496589282,113
oltorf,benwhite,1496601851,1496602032,181
oltorf,benwhite,1496593302,1496593486,184
oltorf,benwhite,1496574458,1496574580,122
oltorf,benwhite,1496618361,1496618377,16
oltorf,benwhite,1496613531,1496613615,84
oltorf,benwhite,1496596175,1496596207,32
oltorf,benwhite,1496593395,1496593456,61
oltorf,benwhite,1496594398,1496594561,163
oltorf,benwhite,1496568591,1496568634,43
oltorf,benwhite,1496614667,1496614701,34
oltorf,benwhite,1496612655,1496612755,100
oltorf,benwhite,1496606919,1496606998,79
oltorf,benwhite,1496605518,1496605678,160
oltorf,benwhite,1496606618,1496606785,167
oltorf,benwhite,1496570770,1496570923,153
oltorf,benwhite,1496598545,1496598623,78
oltorf,benwhite,1496569056,1496569063,7
oltorf,benwhite,1496583169,1496583264,95
oltorf,benwhite,1496571426,1496571499,73
oltorf,benwhite,1496579135,1496579245,110
oltorf,benwhite,1496568546,1496568604,58
oltorf,benwhite,1496568144,1496568150,6
oltorf,benwhite,1496607076,1496607109,33
oltorf,benwhite,1496585400,1496585553,153
oltorf,benwhite,1496596473,1496596505,32
oltorf,benwhite,1496604794,1496604910,116
oltorf,benwhite,1496587752,1496587871,119
oltorf,benwhite,1496604401,1496604517,116
oltorf,benwhite,1496580004,1496580056,52
oltorf,benwhite,1496617226,1496617317,91
oltorf,benwhite,1496598435,1496598494,59
oltorf,benwhite,1496612003,1496612038,35
oltorf,benwhite,1496587108,1496587226,118
oltorf,benwhite,1496577313,1496577490,177
oltorf,benwhite,1496574704,1496574872,168
oltorf,benwhite,1496581683,1496581753,70
oltorf,benwhite,1496571158,1496571166,8
oltorf,benwhite,1496587167,1496587245,78
oltorf,benwhite,1496570670,1496570747,77
oltorf,benwhite,1496612541,1496612560,19
oltorf,benwhite,1496613607,1496613724,117
oltorf,benwhite,1496612065,1496612256,191
oltorf,benwhite,1496599142,1496599228,86
oltorf,benwhite,1496591339,1496591366,27
oltorf,benwhite,1496609823,1496610015,192
oltorf,benwhite,1496614004,1496614061,57
oltorf,benwhite,1496583407,1496583536,129
oltorf,benwhite,1496599279,1496599287,8
oltorf,benwhite,1496611155,1496611354,199
oltorf,benwhite,1496568433,1496568506,73
oltorf,benwhite,1496604096,1496604153,57
oltorf,benwhite,1496598622,1496598811,189
oltorf,benwhite,1496573549,1496573591,42
oltorf,benwhite,1496583691,1496583727,36
oltorf,benwhite,1496570344,1496570499,155
oltorf,benwhite,1496594807,1496594884,77
oltorf,benwhite,1496584451,1496584453,2
oltorf,benwhite,1496572259,1496572379,120
oltorf,benwhite,1496582018,1496582159,141
oltorf,benwhite,1496608946,1496609104,158
oltorf,benwhite,1496606456,1496606612,156
oltorf,benwhite,1496586950,1496586963,13
oltorf,benwhite,1496582123,1496582251,128
oltorf,benwhite,1496582537,1496582673,136
oltorf,benwhite,1496594016,1496594074,58
oltorf,benwhite,1496609604,1496609799,195
oltorf,benwhite,1496574418,1496574452,34
oltorf,benwhite,1496617780,1496617886,106
oltorf,benwhite,1496587380,1496587432,52
oltorf,benwhite,1496594616,1496594783,167
oltorf,benwhite,1496593840,1496593988,148
oltorf,benwhite,1496594303,1496594409,106
oltorf,benwhite,1496573346,1496573359,13
oltorf,benwhite,1496606780,1496606950,170
oltorf,benwhite,1496574003,1496574163,160
oltorf,benwhite,1496575788,1496575879,91
oltorf,benwhite,1496575920,1496576055,135
oltorf,benwhite,1496582388,1496582484,96
oltorf,benwhite,1496602595,1496602759,164
oltorf,benwhite,1496611909,1496612014,105
oltorf,benwhite,1496598210,1496598271,61
oltorf,benwhite,1496569248,1496569397,149
oltorf,benwhite,1496577732,1496577831,99
oltorf,benwhite,1496578251,1496578427,176
oltorf,benwhite,1496582214,1496582399,185
oltorf,benwhite,1496600199,1496600254,55
oltorf,benwhite,1496600339,1496600428,89
oltorf,benwhite,1496594853,1496594896,43
oltorf,benwhite,1496594028,1496594148,120
oltorf,benwhite,1496582052,1496582082,30
oltorf,benwhite,1496582262,1496582370,108
oltorf,benwhite,1496591755,1496591821,66
oltorf,benwhite,1496587414,1496587461,47
oltorf,benwhite,1496617904,1496617918,14
oltorf,benwhite,1496594394,1496594506,112
oltorf,benwhite,1496580694,1496580798,104
oltorf,benwhite,1496612965,1496612975,10
oltorf,benwhite,1496607083,1496607140,57
oltorf,benwhite,1496603594,1496603639,45
oltorf,benwhite,1496604612,1496604720,108
oltorf,benwhite,1496597367,1496597458,91
oltorf,benwhite,1496581489,1496581669,180
oltorf,benwhite,1496589388,1496589420,32
oltorf,benwhite,1496616421,1496616424,3
oltorf,benwhite,1496602831,1496602864,33
oltorf,benwhite,1496590137,1496590205,68
oltorf,benwhite,1496586308,1496586335,27
oltorf,benwhite,1496577867,1496578015,148
oltorf,benwhite,1496583244,1496583325,81
oltorf,benwhite,1496613868,1496613951,83
oltorf,benwhite,1496610987,1496611107,120
oltorf,benwhite,1496611489,1496611505,16
oltorf,benwhite,1496600123,1496600272,149
oltorf,benwhite,1496608316,1496608476,160
oltorf,benwhite,1496613182,1496613219,37
oltorf,benwhite,1496611717,1496611870,153
oltorf,benwhite,1496575639,1496575772,133
oltorf,benwhite,1496586989,1496587104,115
oltorf,benwhite,1496605303,1496605403,100
oltorf,benwhite,1496583923,1496583939,16
oltorf,benwhite,1496591981,1496592023,42
oltorf,benwhite,1496571156,1496571266,110
oltorf,benwhite,1496577429,1496577531,102
oltorf,benwhite,1496615596,1496615717,121
oltorf,benwhite,1496600352,1496600392,40
oltorf,benwhite,1496602432,1496602606,174
oltorf,benwhite,1496595851,1496596037,186
oltorf,benwhite,1496617624,1496617758,134
oltorf,benwhite,1496598904,1496599026,122
oltorf,benwhite,1496598155,1496598181,26
oltorf,benwhite,1496584493,1496584557,64
oltorf,benwhite,1496598605,1496598774,169
oltorf,benwhite,1496587030,1496587202,172
oltorf,benwhite,1496587783,1496587857,74
oltorf,benwhite,1496593458,1496593582,124
oltorf,benwhite,1496569889,1496569909,20
oltorf,benwhite,1496597251,1496597373,122
oltorf,benwhite,1496606349,1496606372,23
oltorf,benwhite,1496601519,1496601532,13
oltorf,benwhite,1496593457,1496593601,144
oltorf,benwhite,1496612567,1496612624,57
oltorf,benwhite,1496572294,1496572332,38
oltorf,benwhite,1496597168,1496597267,99
oltorf,benwhite,1496601799,1496601901,102
oltorf,benwhite,1496598009,1496598124,115
oltorf,benwhite,1496608734,1496608910,176
oltorf,benwhite,1496617633,1496617730,97
oltorf,benwhite,1496583975,1496584128,153
oltorf,benwhite,1496610032,1496610179,147
oltorf,benwhite,1496600352,1496600380,28
oltorf,benwhite,1496600022,1496600168,146
oltorf,benwhite,1496610041,1496610074,33
oltorf,benwhite,1496574589,1496574697,108
oltorf,benwhite,1496591544,1496591614,70
oltorf,benwhite,1496570418,1496570545,127
oltorf,benwhite,1496612955,1496612962,7
oltorf,benwhite,1496604037,1496604151,114
oltorf,benwhite,1496583752,1496583946,194
oltorf,benwhite,1496615224,1496615244,20
oltorf,benwhite,1496597703,1496597725,22
oltorf,benwhite,1496614102,1496614277,175
oltorf,benwhite,1496580708,1496580881,173
oltorf,benwhite,1496614103,1496614159,56
oltorf,benwhite,1496601275,1496601403,128
oltorf,benwhite,1496598169,1496598291,122
oltorf,benwhite,1496597841,1496597884,43
oltorf,benwhite,1496573827,1496574026,199
oltorf,benwhite,1496576833,1496576953,120
oltorf,benwhite,1496576680,1496576750,70
oltorf,benwhite,1496618042,1496618094,52
oltorf,benwhite,1496568593,1496568675,82
oltorf,benwhite,1496611020,1496611143,123
oltorf,benwhite,1496585050,1496585055,5
oltorf,benwhite,1496590613,1496590637,24
oltorf,benwhite,1496571914,1496571950,36
oltorf,benwhite,1496611232,1496611274,42
oltorf,benwhite,1496575513,1496575541,28
oltorf,benwhite,1496576582,1496576613,31
oltorf,benwhite,1496616852,1496617030,178
oltorf,benwhite,1496615188,1496615258,70
oltorf,benwhite,1496599114,1496599223,109
oltorf,benwhite,1496582886,1496583015,129
oltorf,benwhite,1496586585,1496586636,51
oltorf,benwhite,1496601773,1496601840,67
oltorf,benwhite,1496609781,1496609873,92
oltorf,benwhite,1496572922,1496573061,139
oltorf,benwhite,1496581122,1496581192,70
oltorf,benwhite,1496594739,1496594747,8
oltorf,benwhite,1496572647,1496572790,143
oltorf,benwhite,1496591495,1496591574,79
oltorf,benwhite,1496594634,1496594727,93
oltorf,benwhite,1496616071,1496616247,176
oltorf,benwhite,1496603025,1496603125,100
oltorf,benwhite,1496572170,1496572341,171
oltorf,benwhite,1496569794,1496569980,186
oltorf,benwhite,1496606955,1496607003,48
oltorf,benwhite,1496604082,1496604220,138
oltorf,benwhite,1496590139,1496590208,69
oltorf,benwhite,1496606040,1496606205,165
oltorf,benwhite,1496618481,1496618622,141
oltorf,benwhite,1496600766,1496600782,16
oltorf,benwhite,1496597779,1496597949,170
oltorf,benwhite,1496610969,1496610977,8
oltorf,benwhite,1496603125,1496603139,14
oltorf,benwhite,1496607553,1496607712,159
oltorf,benwhite,1496581685,1496581714,29
oltorf,benwhite,1496579776,1496579864,88
oltorf,benwhite,1496603994,1496603998,4
oltorf,benwhite,1496588439,1496588505,66
oltorf,benwhite,1496571456,1496571624,168
oltorf,benwhite,1496612155,1496612181,26
oltorf,benwhite,1496596709,1496596765,56
oltorf,benwhite,1496591496,1496591560,64
oltorf,benwhite,1496584967,1496585130,163
oltorf,benwhite,1496574332,1496574469,137
oltorf,benwhite,1496578641,1496578726,85
oltorf,benwhite,1496613633,1496613689,56
oltorf,benwhite,1496576506,1496576638,132
oltorf,benwhite,1496591512,1496591523,11
oltorf,benwhite,1496582048,1496582051,3
oltorf,benwhite,1496570513,1496570611,98
oltorf,benwhite,1496594043,1496594101,58
oltorf,benwhite,1496582372,1496582485,113
oltorf,benwhite,1496597818,1496597916,98
oltorf,benwhite,1496572617,1496572702,85
oltorf,benwhite,1496580264,1496580396,132
oltorf,benwhite,1496607045,1496607078,33
oltorf,benwhite,1496579348,1496579401,53
oltorf,benwhite,1496592142,1496592149,7
oltorf,benwhite,1496577548,1496577720,172
oltorf,benwhite,1496596532,1496596689,157
oltorf,benwhite,1496600993,1496601041,48
oltorf,benwhite,1496597984,1496598087,103
oltorf,benwhite,1496585319,1496585426,107
oltorf,benwhite,1496600308,1496600480,172
oltorf,benwhite,1496592569,1496592619,50
oltorf,benwhite,1496578776,1496578970,194
oltorf,benwhite,1496605650,1496605813,163
oltorf,benwhite,1496584291,1496584339,48
oltorf,benwhite,1496597994,1496598009,15
oltorf,benwhite,1496616631,1496616781,150
oltorf,benwhite,1496611751,1496611902,151
oltorf,benwhite,1496618316,1496618387,71
oltorf,benwhite,1496589996,1496590133,137
oltorf,benwhite,1496608500,1496608532,32
oltorf,benwhite,1496582101,1496582225,124
oltorf,benwhite,1496613679,1496613681,2
oltorf,benwhite,1496576756,1496576932,176
oltorf,benwhite,1496576267,1496576421,154
oltorf,benwhite,1496586448,1496586645,197
oltorf,benwhite,1496607578,1496607753,175
oltorf,benwhite,1496573759,1496573888,129
oltorf,benwhite,1496592987,1496593036,49
oltorf,benwhite,1496594672,1496594861,189
oltorf,benwhite,1496589826,1496589973,147
oltorf,benwhite,1496604211,1496604297,86
oltorf,benwhite,1496575668,1496575744,76
oltorf,benwhite,1496605067,1496605196,129
oltorf,benwhite,1496584260,1496584265,5
oltorf,benwhite,1496614545,1496614670,125
oltorf,benwhite,1496613788,1496613886,98
oltorf,benwhite,1496586121,1496586156,35
oltorf,benwhite,1496586479,1496586629,150
oltorf,benwhite,1496590203,1496590335,132
oltorf,benwhite,1496589144,1496589169,25
oltorf,benwhite,1496599867,1496599978,111
oltorf,benwhite,1496612811,1496612812,1
oltorf,benwhite,1496586072,1496586116,44
oltorf,benwhite,1496576690,1496576699,9
oltorf,benwhite,1496611262,1496611384,122
oltorf,benwhite,1496600534,1496600589,55
oltorf,benwhite,1496578211,1496578391,180
oltorf,benwhite,1496608179,1496608206,27
oltorf,benwhite,1496585982,1496586055,73
oltorf,benwhite,1496582982,1496583088,106
oltorf,benwhite,1496582408,1496582504,96
oltorf,benwhite,1496600260,1496600269,9
oltorf,benwhite,1496591717,1496591789,72
oltorf,benwhite,1496599000,1496599092,92
oltorf,benwhite,1496579349,1496579495,146
oltorf,benwhite,1496602144,1496602222,78
oltorf,benwhite,1496612330,1496612352,22
oltorf,benwhite,1496592312,1496592476,164
oltorf,benwhite,1496607015,1496607063,48
oltorf,benwhite,1496571580,1496571653,73
oltorf,benwhite,1496597950,1496597987,37
oltorf,benwhite,1496610900,1496610918,18
oltorf,benwhite,1496602636,1496602729,93
oltorf,benwhite,1496604952,1496605147,195
oltorf,benwhite,1496597760,1496597856,96
oltorf,benwhite,1496586037,1496586082,45
oltorf,benwhite,1496601195,1496601324,129
oltorf,benwhite,1496609308,1496609336,28
oltorf,benwhite,1496593751,1496593900,149
oltorf,benwhite,1496569676,1496569854,178
oltorf,benwhite,1496581127,1496581308,181
oltorf,benwhite,1496587564,1496587712,148
oltorf,benwhite,1496616359,1496616403,44
oltorf,benwhite,1496568514,1496568632,118
oltorf,benwhite,1496570594,1496570772,178
oltorf,benwhite,1496601822,1496601894,72
oltorf,benwhite,1496605744,1496605854,110
oltorf,benwhite,1496586987,1496586988,1
oltorf,benwhite,1496598019,1496598194,175
oltorf,benwhite,1496615127,1496615282,155
oltorf,benwhite,1496575436,1496575579,143
oltorf,benwhite,1496599308,1496599335,27
oltorf,benwhite,1496589790,1496589806,16
oltorf,benwhite,1496578056,1496578063,7
oltorf,benwhite,1496587184,1496587277,93
oltorf,benwhite,1496578157,1496578166,9
oltorf,benwhite,1496590386,1496590482,96
oltorf,benwhite,1496611582,1496611751,169
oltorf,benwhite,1496586701,1496586843,142
oltorf,benwhite,1496603140,1496603166,26
oltorf,benwhite,1496605549,1496605609,60
oltorf,benwhite,1496597660,1496597818,158
oltorf,benwhite,1496598829,1496598948,119
oltorf,benwhite,1496618059,1496618087,28
oltorf,benwhite,1496597315,1496597479,164
oltorf,benwhite,1496603186,1496603309,123
oltorf,benwhite,1496616357,1496616402,45
oltorf,benwhite,1496586485,1496586540,55
oltorf,benwhite,1496611634,1496611748,114
oltorf,benwhite,1496599184,1496599221,37
oltorf,benwhite,1496568344,1496568425,81
oltorf,benwhite,1496607197,1496607327,130
oltorf,benwhite,1496572263,1496572416,153
oltorf,benwhite,1496592655,1496592841,186
oltorf,benwhite,1496596959,1496596974,15
oltorf,benwhite,1496598543,1496598725,182
oltorf,benwhite,1496605291,1496605482,191
oltorf,benwhite,1496573079,1496573274,195
oltorf,benwhite,1496605919,1496606035,116
oltorf,benwhite,1496578319,1496578361,42
oltorf,benwhite,1496572090,1496572264,174
oltorf,benwhite,1496609444,1496609595,151
oltorf,benwhite,1496604630,1496604817,187
oltorf,benwhite,1496605511,1496605538,27
oltorf,benwhite,1496588201,1496588392,191
oltorf,benwhite,1496585714,1496585813,99
oltorf,benwhite,1496595435,1496595562,127
oltorf,benwhite,1496599423,1496599481,58
oltorf,benwhite,1496583078,1496583170,92
oltorf,benwhite,1496614414,1496614552,138
oltorf,benwhite,1496615062,1496615071,9
oltorf,benwhite,1496616275,1496616395,120
oltorf,benwhite,1496612030,1496612227,197
oltorf,benwhite,1496597089,1496597109,20
oltorf,benwhite,1496613503,1496613638,135
oltorf,benwhite,1496618183,1496618299,116
oltorf,benwhite,1496601527,1496601600,73
oltorf,benwhite,1496578967,1496579140,173
oltorf,benwhite,1496588756,1496588935,179
oltorf,benwhite,1496579766,1496579937,171
oltorf,benwhite,1496573693,1496573716,23
oltorf,benwhite,1496591154,1496591327,173
oltorf,benwhite,1496588026,1496588221,195
oltorf,benwhite,1496593535,1496593714,179
oltorf,benwhite,1496612755,1496612876,121
oltorf,benwhite,1496615687,1496615745,58
oltorf,benwhite,1496596510,1496596657,147
oltorf,benwhite,1496609594,1496609706,112
oltorf,benwhite,1496605588,1496605744,156
oltorf,benwhite,1496593504,1496593560,56
oltorf,benwhite,1496590974,1496591162,188
oltorf,benwhite,1496574120,1496574159,39
oltorf,benwhite,1496603078,1496603264,186
oltorf,benwhite,1496611709,1496611889,180
oltorf,benwhite,1496593857,1496593932,75
oltorf,benwhite,1496609651,1496609662,11
oltorf,benwhite,1496588865,1496588933,68
oltorf,benwhite,1496587121,1496587202,81
oltorf,benwhite,1496594769,1496594877,108
oltorf,benwhite,1496591997,1496592149,152
oltorf,benwhite,1496600783,1496600937,154
oltorf,benwhite,1496605478,1496605587,109
oltorf,benwhite,1496606974,1496607036,62
oltorf,benwhite,1496578208,1496578213,5
oltorf,benwhite,1496583457,1496583556,99
oltorf,benwhite,1496612374,1496612375,1
oltorf,benwhite,1496600511,1496600690,179
oltorf,benwhite,1496572981,1496573139,158
oltorf,benwhite,1496602771,1496602887,116
oltorf,benwhite,1496602331,1496602386,55
oltorf,benwhite,1496608825,1496608978,153
oltorf,benwhite,1496591347,1496591375,28
oltorf,benwhite,1496575118,1496575166,48
oltorf,benwhite,1496582671,1496582693,22
oltorf,benwhite,1496570824,1496571014,190
oltorf,benwhite,1496581580,1496581760,180
oltorf,benwhite,1496617071,1496617071,0
oltorf,benwhite,1496579083,1496579230,147
oltorf,benwhite,1496599431,1496599450,19
oltorf,benwhite,1496570026,1496570117,91
oltorf,benwhite,1496581139,1496581204,65
oltorf,benwhite,1496604225,1496604327,102
oltorf,benwhite,1496588865,1496588880,15
oltorf,benwhite,1496600987,1496601071,84
oltorf,benwhite,1496614822,1496614995,173
oltorf,benwhite,1496580658,1496580789,131
oltorf,benwhite,1496617331,1496617529,198
oltorf,benwhite,1496595771,1496595874,103
oltorf,benwhite,1496612814,1496612831,17
oltorf,benwhite,1496569719,1496569874,155
oltorf,benwhite,1496579356,1496579516,160
oltorf,benwhite,1496585868,1496585934,66
oltorf,benwhite,1496616908,1496616962,54
oltorf,benwhite,1496602887,1496603031,144
oltorf,benwhite,1496592797,1496592961,164
oltorf,benwhite,1496608950,1496609025,75
oltorf,benwhite,1496590730,1496590909,179
oltorf,benwhite,1496583643,1496583752,109
oltorf,benwhite,1496596481,1496596635,154
oltorf,benwhite,1496604169,1496604351,182
oltorf,benwhite,1496584791,1496584845,54
oltorf,benwhite,1496614053,1496614218,165
oltorf,benwhite,1496595643,1496595693,50
oltorf,benwhite,1496587713,1496587896,183
oltorf,benwhite,1496592889,1496592986,97
oltorf,benwhite,1496578699,1496578879,180
oltorf,benwhite,1496577796,1496577808,12
oltorf,benwhite,1496594251,1496594361,110
oltorf,benwhite,1496573909,1496574081,172
oltorf,benwhite,1496615418,1496615481,63
oltorf,benwhite,1496581636,1496581833,197
oltorf,benwhite,1496571597,1496571722,125
oltorf,benwhite,1496609247,1496609285,38
oltorf,benwhite,1496615477,1496615554,77
oltorf,benwhite,1496580461,1496580615,154
oltorf,benwhite,1496574905,1496574979,74
oltorf,benwhite,1496581359,1496581382,23
oltorf,benwhite,1496579934,1496580036,102
oltorf,benwhite,1496576672,1496576784,112
oltorf,benwhite,1496600680,1496600832,152
oltorf,benwhite,1496581491,1496581613,122
oltorf,benwhite,1496583807,1496584003,196
oltorf,benwhite,1496601290,1496601470,180
oltorf,benwhite,1496576631,1496576638,7
oltorf,benwhite,1496606758,1496606930,172
oltorf,benwhite,1496578032,1496578046,14
oltorf,benwhite,1496597376,1496597547,171
oltorf,benwhite,1496584306,1496584398,92
oltorf,benwhite,1496570464,1496570570,106
oltorf,benwhite,1496573981,1496574052,71
oltorf,benwhite,1496576215,1496576258,43
oltorf,benwhite,1496577291,1496577360,69
oltorf,benwhite,1496598221,1496598410,189
oltorf,benwhite,1496581603,1496581699,96
oltorf,benwhite,1496602029,1496602128,99
oltorf,benwhite,1496585350,1496585375,25
oltorf,benwhite,1496573042,1496573132,90
oltorf,benwhite,1496583827,1496583862,35
oltorf,benwhite,1496608677,1496608789,112
oltorf,benwhite,1496576436,1496576516,80
oltorf,benwhite,1496575940,1496576040,100
oltorf,benwhite,1496614441,1496614450,9
oltorf,benwhite,1496605988,1496606068,80
oltorf,benwhite,1496606135,1496606232,97
oltorf,benwhite,1496586055,1496586122,67
oltorf,benwhite,1496605933,1496606044,111
oltorf,benwhite,1496599258,1496599386,128
oltorf,benwhite,1496576037,1496576040,3
oltorf,benwhite,1496598007,1496598009,2
oltorf,benwhite,1496615793,1496615983,190
oltorf,benwhite,1496569974,1496569987,13
oltorf,benwhite,1496606474,1496606588,114
oltorf,benwhite,1496604783,1496604903,120
oltorf,benwhite,1496613768,1496613963,195
oltorf,benwhite,1496573758,1496573821,63
oltorf,benwhite,1496613262,1496613443,181
oltorf,benwhite,1496582083,1496582243,160
oltorf,benwhite,1496613536,1496613660,124
oltorf,benwhite,1496581711,1496581822,111
oltorf,benwhite,1496611357,1496611412,55
oltorf,benwhite,1496573261,1496573445,184
oltorf,benwhite,1496585132,1496585263,131
oltorf,benwhite,1496583629,1496583739,110
oltorf,benwhite,1496588900,1496588968,68
oltorf,benwhite,1496605949,1496605989,40
oltorf,benwhite,1496582798,1496582910,112
oltorf,benwhite,1496574078,1496574102,24
oltorf,benwhite,1496586220,1496586335,115
oltorf,benwhite,1496594347,1496594455,108
oltorf,benwhite,1496570063,1496570193,130
oltorf,benwhite,1496595933,1496596086,153
oltorf,benwhite,1496576418,1496576440,22
oltorf,benwhite,1496589734,1496589763,29
oltorf,benwhite,1496589876,1496590062,186
oltorf,benwhite,1496581974,1496582070,96
oltorf,benwhite,1496578670,1496578809,139
oltorf,benwhite,1496595107,1496595247,140
oltorf,benwhite,1496602109,1496602130,21
oltorf,benwhite,1496578143,1496578205,62
oltorf,benwhite,1496614797,1496614971,174
oltorf,benwhite,1496584924,1496585102,178
oltorf,benwhite,1496574870,1496574948,78
oltorf,benwhite,1496575350,1496575488,138
oltorf,benwhite,1496602094,1496602236,142
oltorf,benwhite,1496612906,1496613044,138
oltorf,benwhite,1496606884,1496607042,158
oltorf,benwhite,1496596884,1496596904,20
oltorf,benwhite,1496587726,1496587792,66
oltorf,benwhite,1496571693,1496571826,133
oltorf,benwhite,1496568942,1496569021,79
oltorf,benwhite,1496605866,1496606030,164
oltorf,benwhite,1496598580,1496598655,75
oltorf,benwhite,1496574188,1496574306,118
oltorf,benwhite,1496577561,1496577666,105
oltorf,benwhite,1496617438,1496617551,113
oltorf,benwhite,1496579528,1496579640,112
oltorf,benwhite,1496608113,1496608122,9
oltorf,benwhite,1496572828,1496572897,69
oltorf,benwhite,1496580038,1496580123,85
oltorf,benwhite,1496614847,1496614986,139
oltorf,benwhite,1496582605,1496582764,159
oltorf,benwhite,1496575455,1496575608,153
oltorf,benwhite,1496616888,1496617042,154
oltorf,benwhite,1496601064,1496601146,82
oltorf,benwhite,1496614733,1496614776,43
oltorf,benwhite,1496587471,1496587598,127
oltorf,benwhite,1496597299,1496597492,193
oltorf,benwhite,1496575240,1496575376,136
oltorf,benwhite,1496615458,1496615474,16
oltorf,benwhite,1496602529,1496602690,161
oltorf,benwhite,1496590887,1496590889,2
oltorf,benwhite,1496599932,1496599952,20
oltorf,benwhite,1496568758,1496568927,169
oltorf,benwhite,1496611072,1496611161,89
oltorf,benwhite,1496574390,1496574536,146
oltorf,benwhite,1496589729,1496589843,114
oltorf,benwhite,1496604766,1496604803,37
oltorf,benwhite,1496616082,1496616232,150
oltorf,benwhite,1496590506,1496590658,152
oltorf,benwhite,1496602375,1496602526,151
oltorf,benwhite,1496598775,1496598960,185
oltorf,benwhite,1496602126,1496602167,41
oltorf,benwhite,1496570825,1496570874,49
oltorf,benwhite,1496602618,1496602625,7
oltorf,benwhite,1496593237,1496593359,122
oltorf,benwhite,1496588617,1496588637,20
oltorf,benwhite,1496595960,1496596022,62
oltorf,benwhite,1496580931,1496581055,124
oltorf,benwhite,1496609169,1496609203,34
oltorf,benwhite,1496596995,1496597078,83
oltorf,benwhite,1496586395,1496586585,190
oltorf,benwhite,1496578706,1496578797,91
oltorf,benwhite,1496581133,1496581302,169
oltorf,benwhite,1496598577,1496598773,196
oltorf,benwhite,1496616830,1496616929,99
oltorf,benwhite,1496587237,1496587292,55
oltorf,benwhite,1496617321,1496617508,187
oltorf,benwhite,1496603869,1496603971,102
oltorf,benwhite,1496594528,1496594633,105
oltorf,benwhite,1496614646,1496614756,110
oltorf,benwhite,1496596870,1496597034,164
oltorf,benwhite,1496605308,1496605412,104
oltorf,benwhite,1496597091,1496597176,85
oltorf,benwhite,1496591891,1496592030,139
oltorf,benwhite,1496593198,1496593259,61
oltorf,benwhite,1496584386,1496584438,52
oltorf,benwhite,1496596289,1496596420,131
oltorf,benwhite,1496614271,1496614320,49
oltorf,benwhite,1496571663,1496571712,49
oltorf,benwhite,1496569174,1496569248,74
oltorf,benwhite,1496607379,1496607435,56
oltorf,benwhite,1496606089,1496606181,92
oltorf,benwhite,1496571020,1496571200,180
oltorf,benwhite,1496612927,1496612948,21
oltorf,benwhite,1496608794,1496608893,99
oltorf,benwhite,1496604105,1496604222,117
oltorf,benwhite,1496596464,1496596567,103
oltorf,benwhite,1496570582,1496570595,13
oltorf,benwhite,1496598329,1496598399,70
oltorf,benwhite,1496591673,1496591848,175
oltorf,benwhite,1496593588,1496593649,61
oltorf,benwhite,1496575719,1496575735,16
oltorf,benwhite,1496599889,1496599892,3
oltorf,benwhite,1496602499,1496602676,177
oltorf,benwhite,1496598531,1496598660,129
oltorf,benwhite,1496582319,1496582337,18
oltorf,benwhite,1496590713,1496590748,35
oltorf,benwhite,1496568493,1496568582,89
oltorf,benwhite,1496582048,1496582114,66
oltorf,benwhite,1496588536,1496588586,50
oltorf,benwhite,1496570694,1496570744,50
oltorf,benwhite,1496610464,1496610650,186
oltorf,benwhite,1496597275,1496597458,183
oltorf,benwhite,1496579631,1496579768,137
oltorf,benwhite,1496602003,1496602075,72
oltorf,benwhite,1496572517,1496572629,112
oltorf,benwhite,1496593575,1496593684,109
oltorf,benwhite,1496578791,1496578856,65
oltorf,benwhite,1496585521,1496585620,99
oltorf,benwhite,1496586322,1496586401,79
oltorf,benwhite,1496569058,1496569202,144
oltorf,benwhite,1496598909,1496598955,46
oltorf,benwhite,1496584090,1496584250,160
oltorf,benwhite,1496605466,1496605502,36
oltorf,benwhite,1496595937,1496596079,142
oltorf,benwhite,1496592538,1496592659,121
oltorf,benwhite,1496594026,1496594224,198
oltorf,benwhite,1496616678,1496616690,12
oltorf,benwhite,1496604985,1496605166,181
oltorf,benwhite,1496571582,1496571719,137
oltorf,benwhite,1496610769,1496610923,154
oltorf,benwhite,1496604029,1496604172,143
oltorf,benwhite,1496615578,1496615752,174
oltorf,benwhite,1496591258,1496591428,170
oltorf,benwhite,1496581496,1496581632,136
oltorf,benwhite,1496578390,1496578414,24
oltorf,benwhite,1496582360,1496582469,109
oltorf,benwhite,1496589261,1496589449,188
oltorf,benwhite,1496613337,1496613435,98
oltorf,benwhite,1496586454,1496586618,164
oltorf,benwhite,1496583343,1496583452,109
oltorf,benwhite,1496593342,1496593510,168
oltorf,benwhite,1496568987,1496569090,103
oltorf,benwhite,1496596936,1496596999,63
oltorf,benwhite,1496590943,1496591039,96
oltorf,benwhite,1496570931,1496571046,115
oltorf,benwhite,1496611028,1496611129,101
oltorf,benwhite,1496612147,1496612211,64
oltorf,benwhite,1496599903,1496600071,168
oltorf,benwhite,1496573526,1496573588,62
oltorf,benwhite,1496597417,1496597554,137
oltorf,benwhite,1496578721,1496578845,124
oltorf,benwhite,1496592987,1496593103,116
oltorf,benwhite,1496601958,1496602116,158
oltorf,benwhite,1496575655,1496575780,125
oltorf,benwhite,1496574555,1496574713,158
oltorf,benwhite,1496599537,1496599615,78
oltorf,benwhite,1496607774,1496607973,199
oltorf,benwhite,1496586334,1496586412,78
oltorf,benwhite,1496599252,1496599292,40
oltorf,benwhite,1496583015,1496583071,56
oltorf,benwhite,1496568327,1496568523,196
oltorf,benwhite,1496588593,1496588775,182
oltorf,benwhite,1496573427,1496573564,137
oltorf,benwhite,1496614136,1496614184,48
oltorf,benwhite,1496597623,1496597666,43
oltorf,benwhite,1496581973,1496581993,20
oltorf,benwhite,1496603059,1496603205,146
oltorf,benwhite,1496587686,1496587858,172
oltorf,benwhite,1496574151,1496574213,62
oltorf,benwhite,1496581343,1496581462,119
oltorf,benwhite,1496573120,1496573159,39
oltorf,benwhite,1496597578,1496597705,127
oltorf,benwhite,1496591581,1496591752,171
oltorf,benwhite,1496575212,1496575405,193
oltorf,benwhite,1496592394,1496592495,101
oltorf,benwhite,1496604596,1496604750,154
oltorf,benwhite,1496588904,1496588946,42
oltorf,benwhite,1496608081,1496608218,137
oltorf,benwhite,1496583599,1496583763,164
oltorf,benwhite,1496616646,1496616704,58
oltorf,benwhite,1496597210,1496597292,82
oltorf,benwhite,1496574406,1496574572,166
oltorf,benwhite,1496593942,1496594049,107
oltorf,benwhite,1496610645,1496610726,81
oltorf,benwhite,1496584104,1496584175,71
oltorf,benwhite,1496597650,1496597791,141
oltorf,benwhite,1496571525,1496571549,24
oltorf,benwhite,1496615765,1496615844,79
oltorf,benwhite,1496578238,1496578372,134
oltorf,benwhite,1496583972,1496584059,87
oltorf,benwhite,1496610307,1496610380,73
oltorf,benwhite,1496593550,1496593745,195
oltorf,benwhite,1496608120,1496608245,125
oltorf,benwhite,1496603903,1496603924,21
oltorf,benwhite,1496578777,1496578812,35
oltorf,benwhite,1496597457,1496597539,82
oltorf,benwhite,1496590696,1496590876,180
oltorf,benwhite,1496579854,1496579909,55
oltorf,benwhite,1496599641,1496599809,168
oltorf,benwhite,1496613658,1496613831,173
oltorf,benwhite,1496588018,1496588044,26
oltorf,benwhite,1496606469,1496606663,194
oltorf,benwhite,1496600904,1496601025,121
oltorf,benwhite,1496573316,1496573377,61
oltorf,benwhite,1496606581,1496606699,118
oltorf,benwhite,1496588752,1496588839,87
oltorf,benwhite,1496615019,1496615189,170
oltorf,benwhite,1496604738,1496604879,141
oltorf,benwhite,1496585594,1496585614,20
oltorf,benwhite,1496604833,1496605025,192
oltorf,benwhite,1496568861,1496568937,76
oltorf,benwhite,1496579643,1496579815,172
oltorf,benwhite,1496581192,1496581380,188
oltorf,benwhite,1496575275,1496575373,98
oltorf,benwhite,1496607758,1496607850,92
oltorf,benwhite,1496589349,1496589355,6
oltorf,benwhite,1496578548,1496578722,174
oltorf,benwhite,1496575171,1496575203,32
oltorf,benwhite,1496583927,1496583959,32
oltorf,benwhite,1496589041,1496589182,141
oltorf,benwhite,1496611131,1496611196,65
oltorf,benwhite,1496584121,1496584264,143
oltorf,benwhite,1496602453,1496602500,47
oltorf,benwhite,1496608301,1496608436,135
oltorf,benwhite,1496590068,1496590187,119
oltorf,benwhite,1496576416,1496576592,176
oltorf,benwhite,1496613485,1496613597,112
oltorf,benwhite,1496584934,1496584976,42
oltorf,benwhite,1496569371,1496569417,46
oltorf,benwhite,1496589774,1496589946,172
oltorf,benwhite,1496583045,1496583224,179
oltorf,benwhite,1496617830,1496617844,14
oltorf,benwhite,1496592513,1496592634,121
oltorf,benwhite,1496588472,1496588598,126
oltorf,benwhite,1496599671,1496599860,189
oltorf,benwhite,1496571380,1496571571,191
oltorf,benwhite,1496618201,1496618386,185
oltorf,benwhite,1496606353,1496606484,131
oltorf,benwhite,1496609631,1496609668,37
oltorf,benwhite,1496575296,1496575326,30
oltorf,benwhite,1496618027,1496618140,113
oltorf,benwhite,1496571585,1496571690,105
oltorf,benwhite,1496589765,1496589878,113
oltorf,benwhite,1496614606,1496614610,4
oltorf,benwhite,1496587386,1496587547,161
oltorf,benwhite,1496569695,1496569757,62
oltorf,benwhite,1496572844,1496573003,159
oltorf,benwhite,1496581274,1496581286,12
oltorf,benwhite,1496585843,1496585960,117
oltorf,benwhite,1496600148,1496600344,196
oltorf,benwhite,1496617350,1496617429,79
oltorf,benwhite,1496578091,1496578192,101
oltorf,benwhite,1496594347,1496594475,128
oltorf,benwhite,1496616108,1496616151,43
oltorf,benwhite,1496589325,1496589352,27
oltorf,benwhite,1496583124,1496583279,155
oltorf,benwhite,1496599997,1496600032,35
oltorf,benwhite,1496578672,1496578750,78
oltorf,benwhite,1496600251,1496600438,187
oltorf,benwhite,1496609783,1496609918,135
oltorf,benwhite,1496608667,1496608806,139
oltorf,benwhite,1496597250,1496597408,158
oltorf,benwhite,1496568564,1496568670,106
oltorf,benwhite,1496570675,1496570739,64
oltorf,benwhite,1496568481,1496568662,181
oltorf,benwhite,1496595277,1496595316,39
oltorf,benwhite,1496603163,1496603336,173
oltorf,benwhite,1496573582,1496573609,27
oltorf,benwhite,1496613386,1496613539,153
oltorf,benwhite,1496570331,1496570497,166
oltorf,benwhite,1496609609,1496609715,106
oltorf,benwhite,1496575728,1496575856,128
oltorf,benwhite,1496576989,1496577024,35
oltorf,benwhite,1496600496,1496600628,132
oltorf,benwhite,1496606968,1496607001,33
oltorf,benwhite,1496568354,1496568525,171
oltorf,benwhite,1496596743,1496596822,79
oltorf,benwhite,1496573965,1496573965,0
oltorf,benwhite,1496579936,1496579974,38
oltorf,benwhite,1496595190,1496595356,166
oltorf,benwhite,1496615898,1496615977,79
oltorf,benwhite,1496573456,1496573481,25
oltorf,benwhite,1496606679,1496606765,86
oltorf,benwhite,1496581467,1496581589,122
oltorf,benwhite,1496609121,1496609211,90
oltorf,benwhite,1496572657,1496572693,36
oltorf,benwhite,1496614030,1496614062,32
oltorf,benwhite,1496581509,1496581648,139
oltorf,benwhite,1496589138,1496589278,140
oltorf,benwhite,1496603238,1496603365,127
oltorf,benwhite,1496595886,1496595918,32
oltorf,benwhite,1496586629,1496586761,132
oltorf,benwhite,1496569168,1496569275,107
oltorf,benwhite,1496593876,1496594032,156
oltorf,benwhite,1496597158,1496597340,182
oltorf,benwhite,1496596781,1496596837,56
oltorf,benwhite,1496606071,1496606203,132
oltorf,benwhite,1496615050,1496615110,60
oltorf,benwhite,1496586370,1496586522,152
oltorf,benwhite,1496609134,1496609270,136
oltorf,benwhite,1496615816,1496615916,100
oltorf,benwhite,1496587986,1496588011,25
oltorf,benwhite,1496610128,1496610253,125
oltorf,benwhite,1496610878,1496610926,48
oltorf,benwhite,1496614508,1496614547,39
oltorf,benwhite,1496576314,1496576509,195
oltorf,benwhite,1496580197,1496580301,104
oltorf,benwhite,1496603150,1496603330,180
oltorf,benwhite,1496581593,1496581766,173
oltorf,benwhite,1496573107,1496573181,74
oltorf,benwhite,1496612873,1496612931,58
oltorf,benwhite,1496611557,1496611565,8
oltorf,benwhite,1496605496,1496605505,9
oltorf,benwhite,1496568852,1496569022,170
oltorf,benwhite,1496589650,1496589654,4
oltorf,benwhite,1496593322,1496593335,13
oltorf,benwhite,1496604243,1496604273,30
oltorf,benwhite,1496591146,1496591147,1
oltorf,benwhite,1496596866,1496596881,15
oltorf,benwhite,1496604290,1496604395,105
oltorf,benwhite,1496573845,1496573873,28
oltorf,benwhite,1496583012,1496583040,28
oltorf,benwhite,1496614680,1496614866,186
oltorf,benwhite,1496603873,1496603884,11
oltorf,benwhite,1496618483,1496618642,159
oltorf,benwhite,1496573576,1496573580,4
oltorf,benwhite,1496610969,1496611059,90
oltorf,benwhite,1496603257,1496603284,27
oltorf,benwhite,1496584002,1496584140,138
oltorf,benwhite,1496614199,1496614391,192
oltorf,benwhite,1496614482,1496614577,95
oltorf,benwhite,1496612107,1496612141,34
oltorf,benwhite,1496582478,1496582534,56
oltorf,benwhite,1496591598,1496591726,128
oltorf,benwhite,1496598939,1496599058,119
oltorf,benwhite,1496614614,1496614716,102
oltorf,benwhite,1496578403,1496578423,20
oltorf,benwhite,1496575960,1496576099,139
oltorf,benwhite,1496614163,1496614308,145
oltorf,benwhite,1496596635,1496596824,189
oltorf,benwhite,1496568741,1496568746,5
oltorf,benwhite,1496598027,1496598027,0
oltorf,benwhite,1496602154,1496602315,161
oltorf,benwhite,1496591973,1496592020,47
oltorf,benwhite,1496613595,1496613745,150
oltorf,benwhite,1496607596,1496607703,107
oltorf,benwhite,1496581592,1496581641,49
oltorf,benwhite,1496579455,1496579536,81
oltorf,benwhite,1496586627,1496586644,17
oltorf,benwhite,1496606905,1496607044,139
oltorf,benwhite,1496598915,1496599086,171
oltorf,benwhite,1496592244,1496592406,162
oltorf,benwhite,1496603728,1496603875,147
oltorf,benwhite,1496569831,1496569980,149
oltorf,benwhite,1496571555,1496571652,97
oltorf,benwhite,1496611988,1496612078,90
oltorf,benwhite,1496618328,1496618370,42
oltorf,benwhite,1496596521,1496596632,111
oltorf,benwhite,1496599975,1496600160,185
oltorf,benwhite,1496580827,1496580919,92
oltorf,benwhite,1496585199,1496585394,195
oltorf,benwhite,1496615967,1496616154,187
oltorf,benwhite,1496604563,1496604704,141
oltorf,benwhite,1496576769,1496576846,77
oltorf,benwhite,1496610838,1496610880,42
oltorf,benwhite,1496582013,1496582166,153
oltorf,benwhite,1496605640,1496605666,26
oltorf,benwhite,1496575977,1496576099,122
oltorf,benwhite,1496600269,1496600330,61
oltorf,benwhite,1496600552,1496600654,102
oltorf,benwhite,1496586642,1496586691,49
oltorf,benwhite,1496604660,1496604804,144
oltorf,benwhite,1496608505,1496608649,144
oltorf,benwhite,1496589022,1496589111,89
oltorf,benwhite,1496614782,1496614842,60
oltorf,benwhite,1496601182,1496601216,34
oltorf,benwhite,1496581302,1496581382,80
oltorf,benwhite,1496598064,1496598088,24
oltorf,benwhite,1496610313,1496610429,116
oltorf,benwhite,1496592065,1496592188,123
oltorf,benwhite,1496581743,1496581892,149
oltorf,benwhite,1496605900,1496606019,119
oltorf,benwhite,1496586661,1496586851,190
oltorf,benwhite,1496571470,1496571548,78
oltorf,benwhite,1496582878,1496582976,98
oltorf,benwhite,1496568686,1496568736,50
oltorf,benwhite,1496598386,1496598409,23
oltorf,benwhite,1496602359,1496602433,74
oltorf,benwhite,1496590263,1496590290,27
oltorf,benwhite,1496616200,1496616297,97
oltorf,benwhite,1496569029,1496569171,142
oltorf,benwhite,1496568134,1496568309,175
oltorf,benwhite,1496592004,1496592145,141
oltorf,benwhite,1496572333,1496572406,73
oltorf,benwhite,1496570085,1496570139,54
oltorf,benwhite,1496604083,1496604194,111
oltorf,benwhite,1496614325,1496614343,18
oltorf,benwhite,1496600539,1496600600,61
oltorf,benwhite,1496590911,1496591028,117
oltorf,benwhite,1496592014,1496592085,71
oltorf,benwhite,1496572454,1496572641,187
oltorf,benwhite,1496615031,1496615064,33
oltorf,benwhite,1496570103,1496570106,3
oltorf,benwhite,1496605342,1496605537,195
oltorf,benwhite,1496588669,1496588714,45
oltorf,benwhite,1496607920,1496608024,104
oltorf,benwhite,1496609475,1496609490,15
oltorf,benwhite,1496591526,1496591568,42
oltorf,benwhite,1496570880,1496570987,107
oltorf,benwhite,1496580943,1496580985,42
oltorf,benwhite,1496583792,1496583943,151
oltorf,benwhite,1496597681,1496597798,117
oltorf,benwhite,1496594284,1496594461,177
oltorf,benwhite,1496610378,1496610546,168
oltorf,benwhite,1496613584,1496613744,160
oltorf,benwhite,1496568578,1496568588,10
oltorf,benwhite,1496608287,1496608414,127
oltorf,benwhite,1496591679,1496591867,188
oltorf,benwhite,1496598146,1496598290,144
oltorf,benwhite,1496569075,1496569137,62
oltorf,benwhite,1496583658,1496583811,153
oltorf,benwhite,1496584916,1496585011,95
oltorf,benwhite,1496617344,1496617357,13
oltorf,benwhite,1496611022,1496611070,48
oltorf,benwhite,1496568109,1496568266,157
oltorf,benwhite,1496601011,1496601116,105
oltorf,benwhite,1496608579,1496608743,164
oltorf,benwhite,1496579165,1496579308,143
oltorf,benwhite,1496573839,1496573850,11
oltorf,benwhite,1496612579,1496612766,187
oltorf,benwhite,1496601186,1496601218,32
oltorf,benwhite,1496595726,1496595831,105
oltorf,benwhite,1496607130,1496607185,55
oltorf,benwhite,1496602091,1496602213,122
oltorf,benwhite,1496617775,1496617933,158
oltorf,benwhite,1496618254,1496618293,39
oltorf,benwhite,1496578571,1496578640,69
oltorf,benwhite,1496579361,1496579420,59
oltorf,benwhite,1496588864,1496588957,93
oltorf,benwhite,1496611399,1496611457,58
oltorf,benwhite,1496612591,1496612636,45
oltorf,benwhite,1496592245,1496592276,31
oltorf,benwhite,1496598505,1496598692,187
oltorf,benwhite,1496570492,1496570639,147
oltorf,benwhite,1496617052,1496617184,132
oltorf,benwhite,1496580197,1496580382,185
oltorf,benwhite,1496588633,1496588738,105
oltorf,benwhite,1496586757,1496586769,12
oltorf,benwhite,1496615920,1496616026,106
oltorf,benwhite,1496578141,1496578240,99
oltorf,benwhite,1496578931,1496579108,177
oltorf,benwhite,1496600625,1496600652,27
oltorf,benwhite,1496602551,1496602685,134
oltorf,benwhite,1496589487,1496589686,199
oltorf,benwhite,1496607715,1496607898,183
oltorf,benwhite,1496603614,1496603706,92
oltorf,benwhite,1496612606,1496612657,51
oltorf,benwhite,1496587231,1496587318,87
oltorf,benwhite,1496572730,1496572820,90
oltorf,benwhite,1496597133,1496597188,55
oltorf,benwhite,1496575526,1496575584,58
oltorf,benwhite,1496584993,1496585025,32
oltorf,benwhite,1496617796,1496617848,52
oltorf,benwhite,1496607980,1496608083,103
oltorf,benwhite,1496605091,1496605125,34
oltorf,benwhite,1496604836,1496604927,91
oltorf,benwhite,1496582507,1496582673,166
oltorf,benwhite,1496610149,1496610321,172
oltorf,benwhite,1496616319,1496616500,181
oltorf,benwhite,1496578309,1496578415,106
oltorf,benwhite,1496571470,1496571610,140
oltorf,benwhite,1496611862,1496611979,117
oltorf,benwhite,1496570780,1496570879,99
oltorf,benwhite,1496581772,1496581845,73
oltorf,benwhite,1496603422,1496603578,156
oltorf,benwhite,1496614066,1496614117,51
oltorf,benwhite,1496579255,1496579345,90
oltorf,benwhite,1496576158,1496576286,128
oltorf,benwhite,1496595804,1496595945,141
oltorf,benwhite,1496588028,1496588170,142
oltorf,benwhite,1496599428,1496599530,102
oltorf,benwhite,1496599709,1496599728,19
oltorf,benwhite,1496590965,1496591050,85
oltorf,benwhite,1496618366,1496618461,95
oltorf,benwhite,1496587724,1496587790,66
oltorf,benwhite,1496594621,1496594633,12
oltorf,benwhite,1496591546,1496591690,144
oltorf,benwhite,1496604884,1496605082,198
oltorf,benwhite,1496573512,1496573600,88
oltorf,benwhite,1496574960,1496575062,102
oltorf,benwhite,1496609248,1496609293,45
oltorf,benwhite,1496617860,1496617938,78
oltorf,benwhite,1496581869,1496581941,72
oltorf,benwhite,1496592301,1496592491,190
oltorf,benwhite,1496601059,1496601104,45
oltorf,benwhite,1496587349,1496587402,53
oltorf,benwhite,1496606590,1496606725,135
oltorf,benwhite,1496615633,1496615775,142
oltorf,benwhite,1496610492,1496610678,186
oltorf,benwhite,1496601673,1496601750,77
oltorf,benwhite,1496608364,1496608399,35
oltorf,benwhite,1496613823,1496613897,74
oltorf,benwhite,1496575936,1496575956,20
oltorf,benwhite,1496612991,1496613142,151
oltorf,benwhite,1496585695,1496585753,58
oltorf,benwhite,1496593712,1496593728,16
oltorf,benwhite,1496590295,1496590373,78
oltorf,benwhite,1496570779,1496570970,191
oltorf,benwhite,1496594965,1496595092,127
oltorf,benwhite,1496612208,1496612265,57
oltorf,benwhite,1496614505,1496614700,195
oltorf,benwhite,1496615480,1496615521,41
oltorf,benwhite,1496571600,1496571655,55
oltorf,benwhite,1496610948,1496610998,50
oltorf,benwhite,1496571937,1496572071,134
oltorf,benwhite,1496572319,1496572334,15
oltorf,benwhite,1496586810,1496586941,131
oltorf,benwhite,1496579199,1496579216,17
oltorf,benwhite,1496588387,1496588396,9
oltorf,benwhite,1496568308,1496568426,118
oltorf,benwhite,1496616395,1496616557,162
oltorf,benwhite,1496614112,1496614203,91
oltorf,benwhite,1496612837,1496612961,124
oltorf,benwhite,1496617164,1496617288,124
oltorf,benwhite,1496592429,1496592599,170
oltorf,benwhite,1496575831,1496575866,35
oltorf,benwhite,1496597691,1496597767,76
oltorf,benwhite,1496579324,1496579408,84
oltorf,benwhite,1496593957,1496594018,61
oltorf,benwhite,1496605804,1496605833,29
oltorf,benwhite,1496587711,1496587821,110
oltorf,benwhite,1496590713,1496590795,82
oltorf,benwhite,1496572169,1496572212,43
oltorf,benwhite,1496574067,1496574154,87
oltorf,benwhite,1496595840,1496595998,158
oltorf,benwhite,1496583021,1496583196,175
oltorf,benwhite,1496604176,1496604178,2
oltorf,benwhite,1496612928,1496613122,194
oltorf,benwhite,1496575821,1496575957,136
oltorf,benwhite,1496601808,1496601843,35
oltorf,benwhite,1496580052,1496580148,96
oltorf,benwhite,1496569782,1496569885,103
oltorf,benwhite,1496599131,1496599304,173
oltorf,benwhite,1496614359,1496614458,99
oltorf,benwhite,1496588625,1496588755,130
oltorf,benwhite,1496612821,1496612898,77
oltorf,benwhite,1496617357,1496617470,113
oltorf,benwhite,1496606441,1496606510,69
oltorf,benwhite,1496613451,1496613604,153
oltorf,benwhite,1496609598,1496609761,163
oltorf,benwhite,1496570225,1496570411,186
oltorf,benwhite,1496602044,1496602232,188
oltorf,benwhite,1496578297,1496578448,151
oltorf,benwhite,1496572468,1496572653,185
oltorf,benwhite,1496574084,1496574204,120
oltorf,benwhite,1496579733,1496579887,154
oltorf,benwhite,1496574073,1496574266,193
oltorf,benwhite,1496614502,1496614586,84
oltorf,benwhite,1496588253,1496588344,91
oltorf,benwhite,1496610113,1496610304,191
oltorf,benwhite,1496605884,1496606031,147
oltorf,benwhite,1496571953,1496571968,15
oltorf,benwhite,1496591744,1496591900,156
oltorf,benwhite,1496611533,1496611538,5
oltorf,benwhite,1496589351,1496589510,159
oltorf,benwhite,1496582827,1496582931,104
oltorf,benwhite,1496592619,1496592650,31
oltorf,benwhite,1496600879,1496600918,39
oltorf,benwhite,1496573826,1496573934,108
oltorf,benwhite,1496579851,1496579887,36
oltorf,benwhite,1496580583,1496580589,6
oltorf,benwhite,1496584411,1496584535,124
oltorf,benwhite,1496607267,1496607409,142
oltorf,benwhite,1496611587,1496611645,58
oltorf,benwhite,1496580800,1496580845,45
oltorf,benwhite,1496579485,1496579678,193
oltorf,benwhite,1496603512,1496603533,21
oltorf,benwhite,1496601566,1496601661,95
oltorf,benwhite,1496574749,1496574945,196
oltorf,benwhite,1496597390,1496597399,9
oltorf,benwhite,1496609489,1496609525,36
oltorf,benwhite,1496580680,1496580696,16
oltorf,benwhite,1496601701,1496601900,199
oltorf,benwhite,1496603680,1496603821,141
oltorf,benwhite,1496576521,1496576687,166
oltorf,benwhite,1496594756,1496594923,167
oltorf,benwhite,1496599116,1496599159,43
oltorf,benwhite,1496605765,1496605924,159
oltorf,benwhite,1496607804,1496607981,177
oltorf,benwhite,1496601998,1496602078,80
oltorf,benwhite,1496568326,1496568394,68
oltorf,benwhite,1496595688,1496595731,43
oltorf,benwhite,1496572094,1496572257,163
oltorf,benwhite,1496606749,1496606873,124
oltorf,benwhite,1496586063,1496586181,118
oltorf,benwhite,1496598933,1496598938,5
oltorf,benwhite,1496597876,1496598036,160
oltorf,benwhite,1496602322,1496602435,113
oltorf,benwhite,1496569457,1496569631,174
oltorf,benwhite,1496602479,1496602594,115
oltorf,benwhite,1496602300,1496602435,135
oltorf,benwhite,1496574971,1496575007,36
oltorf,benwhite,1496575520,1496575615,95
oltorf,benwhite,1496574616,1496574780,164
oltorf,benwhite,1496572368,1496572567,199
oltorf,benwhite,1496600544,1496600590,46
oltorf,benwhite,1496571898,1496571899,1
oltorf,benwhite,1496612772,1496612807,35
oltorf,benwhite,1496603900,1496604010,110
oltorf,benwhite,1496614570,1496614616,46
oltorf,benwhite,1496600539,1496600714,175
oltorf,benwhite,1496577297,1496577486,189
oltorf,benwhite,1496582637,1496582823,186
oltorf,benwhite,1496577441,1496577448,7
oltorf,benwhite,1496583414,1496583551,137
oltorf,benwhite,1496576212,1496576331,119
oltorf,benwhite,1496589714,1496589717,3
oltorf,benwhite,1496613316,1496613443,127
oltorf,benwhite,1496596239,1496596287,48
oltorf,benwhite,1496611417,1496611511,94
oltorf,benwhite,1496615452,1496615650,198
oltorf,benwhite,1496592487,1496592541,54
oltorf,benwhite,1496616123,1496616152,29
oltorf,benwhite,1496601044,1496601083,39
oltorf,benwhite,1496618105,1496618173,68
oltorf,benwhite,1496576907,1496576933,26
oltorf,benwhite,1496613299,1496613487,188
oltorf,benwhite,1496591668,1496591770,102
oltorf,benwhite,1496597163,1496597332,169
oltorf,benwhite,1496610300,1496610435,135
oltorf,benwhite,1496610395,1496610500,105
oltorf,benwhite,1496575528,1496575696,168
oltorf,benwhite,1496577356,1496577436,80
oltorf,benwhite,1496585734,1496585863,129
oltorf,benwhite,1496582879,1496583029,150
oltorf,benwhite,1496617246,1496617436,190
oltorf,benwhite,1496570490,1496570526,36
oltorf,benwhite,1496606877,1496607004,127
oltorf,benwhite,1496599334,1496599386,52
oltorf,benwhite,1496569437,1496569611,174
oltorf,benwhite,1496587914,1496588030,116
oltorf,benwhite,1496612706,1496612822,116
oltorf,benwhite,1496578491,1496578662,171
oltorf,benwhite,1496601069,1496601075,6
oltorf,benwhite,1496596227,1496596409,182
oltorf,benwhite,1496578208,1496578335,127
oltorf,benwhite,1496613901,1496614092,191
oltorf,benwhite,1496601668,1496601739,71
oltorf,benwhite,1496574050,1496574174,124
oltorf,benwhite,1496574627,1496574643,16
oltorf,benwhite,1496571098,1496571215,117
oltorf,benwhite,1496596196,1496596197,1
oltorf,benwhite,1496574082,1496574241,159
oltorf,benwhite,1496611529,1496611668,139
oltorf,benwhite,1496598962,1496598966,4
oltorf,benwhite,1496612328,1496612377,49
oltorf,benwhite,1496600974,1496601164,190
oltorf,benwhite,1496569344,1496569411,67
oltorf,benwhite,1496571624,1496571716,92
oltorf,benwhite,1496581163,1496581267,104
oltorf,benwhite,1496618221,1496618359,138
oltorf,benwhite,1496605202,1496605231,29
oltorf,benwhite,1496583336,1496583353,17
oltorf,benwhite,1496609112,1496609252,140
oltorf,benwhite,1496587095,1496587230,135
oltorf,benwhite,1496587773,1496587866,93
oltorf,benwhite,1496597545,1496597734,189
oltorf,benwhite,1496613726,1496613747,21
oltorf,benwhite,1496618375,1496618375,0
oltorf,benwhite,1496572972,1496573046,74
oltorf,benwhite,1496587382,1496587550,168
oltorf,benwhite,1496611893,1496612051,158
oltorf,benwhite,1496599010,1496599103,93
oltorf,benwhite,1496593057,1496593171,114
oltorf,benwhite,1496582262,1496582349,87
oltorf,benwhite,1496606838,1496607014,176
oltorf,benwhite,1496598508,1496598624,116
oltorf,benwhite,1496583323,1496583326,3
oltorf,benwhite,1496587603,1496587716,113
oltorf,benwhite,1496608468,1496608468,0
oltorf,benwhite,1496609973,1496609979,6
oltorf,benwhite,1496612841,1496612902,61
oltorf,benwhite,1496585007,1496585174,167
oltorf,benwhite,1496578964,1496579116,152
oltorf,benwhite,1496601799,1496601896,97
oltorf,benwhite,1496603602,1496603634,32
oltorf,benwhite,1496605419,1496605497,78
oltorf,benwhite,1496595961,1496596050,89
oltorf,benwhite,1496605594,1496605758,164
oltorf,benwhite,1496589226,1496589266,40
oltorf,benwhite,1496604633,1496604648,15
oltorf,benwhite,1496594909,1496594931,22
oltorf,benwhite,1496579071,1496579119,48
oltorf,benwhite,1496569968,1496570042,74
oltorf,benwhite,1496604180,1496604254,74
oltorf,benwhite,1496570350,1496570369,19
oltorf,benwhite,1496595770,1496595877,107
oltorf,benwhite,1496578324,1496578436,112
oltorf,benwhite,1496607940,1496608004,64
oltorf,benwhite,1496589705,1496589802,97
oltorf,benwhite,1496605691,1496605721,30
oltorf,benwhite,1496590370,1496590547,177
oltorf,benwhite,1496601100,1496601273,173
oltorf,benwhite,1496570379,1496570404,25
oltorf,benwhite,1496582375,1496582567,192
oltorf,benwhite,1496594608,1496594672,64
oltorf,benwhite,1496618192,1496618333,141
oltorf,benwhite,1496574578,1496574710,132
oltorf,benwhite,1496586157,1496586201,44
oltorf,benwhite,1496615892,1496616073,181
oltorf,benwhite,1496596168,1496596272,104
oltorf,benwhite,1496608177,1496608239,62
oltorf,benwhite,1496594449,1496594639,190
oltorf,benwhite,1496571542,1496571643,101
oltorf,benwhite,1496603261,1496603272,11
oltorf,benwhite,1496586836,1496587013,177
oltorf,benwhite,1496613868,1496613954,86
oltorf,benwhite,1496611571,1496611685,114
oltorf,benwhite,1496596606,1496596641,35
oltorf,benwhite,1496607955,1496607956,1
oltorf,benwhite,1496608794,1496608807,13
oltorf,benwhite,1496610929,1496611079,150
oltorf,benwhite,1496578530,1496578551,21
oltorf,benwhite,1496568930,1496569008,78
oltorf,benwhite,1496571889,1496572039,150
oltorf,benwhite,1496605945,1496605961,16
oltorf,benwhite,1496598913,1496598944,31
oltorf,benwhite,1496616490,1496616632,142
oltorf,benwhite,1496585205,1496585295,90
oltorf,benwhite,1496608134,1496608180,46
oltorf,benwhite,1496604460,1496604647,187
oltorf,benwhite,1496598449,1496598591,142
oltorf,benwhite,1496600867,1496600967,100
oltorf,benwhite,1496599596,1496599647,51
oltorf,benwhite,1496610463,1496610657,194
oltorf,benwhite,1496592479,1496592555,76
oltorf,benwhite,1496590186,1496590235,49
oltorf,benwhite,1496604623,1496604745,122
oltorf,benwhite,1496611023,1496611119,96
oltorf,benwhite,1496593560,1496593664,104
oltorf,benwhite,1496574459,1496574545,86
oltorf,benwhite,1496592846,1496592959,113
oltorf,benwhite,1496598467,1496598473,6
oltorf,benwhite,1496589449,1496589606,157
oltorf,benwhite,1496589349,1496589522,173
oltorf,benwhite,1496615381,1496615524,143
oltorf,benwhite,1496609533,1496609533,0
oltorf,benwhite,1496568901,1496569063,162
oltorf,benwhite,1496607702,1496607818,116
oltorf,benwhite,1496582216,1496582375,159
oltorf,benwhite,1496581738,1496581889,151
oltorf,benwhite,1496590471,1496590537,66
oltorf,benwhite,1496612935,1496612959,24
oltorf,benwhite,1496569814,1496569846,32
oltorf,benwhite,1496592558,1496592644,86
oltorf,benwhite,1496616061,1496616123,62
oltorf,benwhite,1496581977,1496581977,0
oltorf,benwhite,1496591585,1496591753,168
oltorf,benwhite,1496582209,1496582257,48
oltorf,benwhite,1496570335,1496570528,193
oltorf,benwhite,1496594997,1496595063,66
oltorf,benwhite,1496618342,1496618497,155
oltorf,benwhite,1496572884,1496572927,43
oltorf,benwhite,1496568440,1496568514,74
oltorf,benwhite,1496618244,1496618356,112
oltorf,benwhite,1496614707,1496614730,23
oltorf,benwhite,1496615870,1496615955,85
oltorf,benwhite,1496571240,1496571338,98
oltorf,benwhite,1496613021,1496613141,120
oltorf,benwhite,1496608093,1496608115,22
oltorf,benwhite,1496610524,1496610578,54
oltorf,benwhite,1496570342,1496570537,195
oltorf,benwhite,1496617402,1496617450,48
oltorf,benwhite,1496576003,1496576060,57
oltorf,benwhite,1496583877,1496583878,1
oltorf,benwhite,1496600011,1496600136,125
oltorf,benwhite,1496618329,1496618342,13
oltorf,benwhite,1496602613,1496602801,188
oltorf,benwhite,1496601577,1496601580,3
oltorf,benwhite,1496572871,1496572956,85
oltorf,benwhite,1496577393,1496577581,188
oltorf,benwhite,1496589565,1496589742,177
oltorf,benwhite,1496607852,1496607897,45
oltorf,benwhite,1496578044,1496578227,183
oltorf,benwhite,1496601742,1496601846,104
oltorf,benwhite,1496588880,1496588988,108
oltorf,benwhite,1496608638,1496608662,24
oltorf,benwhite,1496571535,1496571674,139
oltorf,benwhite,1496612149,1496612260,111
oltorf,benwhite,1496603285,1496603361,76
oltorf,benwhite,1496605709,1496605870,161
oltorf,benwhite,1496610322,1496610367,45
oltorf,benwhite,1496589433,1496589532,99
oltorf,benwhite,1496578762,1496578943,181
oltorf,benwhite,1496599701,1496599767,66
oltorf,benwhite,1496615851,1496616015,164
oltorf,benwhite,1496616764,1496616928,164
oltorf,benwhite,1496614650,1496614704,54
oltorf,benwhite,1496601168,1496601180,12
oltorf,benwhite,1496596657,1496596716,59
oltorf,benwhite,1496569420,1496569574,154
oltorf,benwhite,1496579405,1496579532,127
oltorf,benwhite,1496594316,1496594445,129
oltorf,benwhite,1496602186,1496602297,111
oltorf,benwhite,1496570918,1496571018,100
oltorf,benwhite,1496575103,1496575120,17
oltorf,benwhite,1496603655,1496603682,27
oltorf,benwhite,1496610082,1496610091,9
oltorf,benwhite,1496605047,1496605124,77
oltorf,benwhite,1496587796,1496587895,99
oltorf,benwhite,1496609455,1496609550,95
oltorf,benwhite,1496581040,1496581143,103
oltorf,benwhite,1496585907,1496585995,88
oltorf,benwhite,1496616463,1496616528,65
oltorf,benwhite,1496586900,1496586935,35
oltorf,benwhite,1496595747,1496595858,111
oltorf,benwhite,1496589346,1496589504,158
oltorf,benwhite,1496605399,1496605515,116
oltorf,benwhite,1496609267,1496609275,8
oltorf,benwhite,1496603039,1496603103,64
oltorf,benwhite,1496607196,1496607337,141
oltorf,benwhite,1496578015,1496578186,171
oltorf,benwhite,1496606846,1496607022,176
oltorf,benwhite,1496610112,1496610281,169
oltorf,benwhite,1496613173,1496613316,143
oltorf,benwhite,1496584934,1496585039,105
oltorf,benwhite,1496579669,1496579785,116
oltorf,benwhite,1496592954,1496593006,52
oltorf,benwhite,1496576614,1496576625,11
oltorf,benwhite,1496574474,1496574576,102
oltorf,benwhite,1496578331,1496578498,167
oltorf,benwhite,1496572389,1496572411,22
oltorf,benwhite,1496606166,1496606272,106
oltorf,benwhite,1496601329,1496601363,34
oltorf,benwhite,1496598423,1496598518,95
oltorf,benwhite,1496598188,1496598382,194
oltorf,benwhite,1496615070,1496615227,157
oltorf,benwhite,1496576223,1496576246,23
oltorf,benwhite,1496572526,1496572633,107
oltorf,benwhite,1496616417,1496616614,197
oltorf,benwhite,1496605856,1496605915,59
oltorf,benwhite,1496618420,1496618511,91
oltorf,benwhite,1496614022,1496614080,58
oltorf,benwhite,1496569346,1496569445,99
oltorf,benwhite,1496574429,1496574569,140
oltorf,benwhite,1496611288,1496611304,16
oltorf,benwhite,1496597087,1496597172,85
oltorf,benwhite,1496581418,1496581433,15
oltorf,benwhite,1496593660,1496593669,9
oltorf,benwhite,1496595446,1496595554,108
oltorf,benwhite,1496603472,1496603658,186
oltorf,benwhite,1496582751,1496582879,128
oltorf,benwhite,1496583181,1496583269,88
oltorf,benwhite,1496599901,1496599902,1
oltorf,benwhite,1496601480,1496601574,94
oltorf,benwhite,1496612716,1496612894,178
oltorf,benwhite,1496608183,1496608262,79
oltorf,benwhite,1496591928,1496592032,104
oltorf,benwhite,1496594194,1496594221,27
oltorf,benwhite,1496606240,1496606429,189
oltorf,benwhite,1496583531,1496583697,166
oltorf,benwhite,1496596371,1496596487,116
oltorf,benwhite,1496617446,1496617494,48
oltorf,benwhite,1496585567,1496585577,10
oltorf,benwhite,1496577390,1496577493,103
oltorf,benwhite,1496605926,1496606028,102
oltorf,benwhite,1496591762,1496591929,167
oltorf,benwhite,1496606905,1496606939,34
oltorf,benwhite,1496588449,1496588537,88
oltorf,benwhite,1496588040,1496588072,32
oltorf,benwhite,1496600331,1496600460,129
oltorf,benwhite,1496592140,1496592304,164
oltorf,benwhite,1496589853,1496589975,122
oltorf,benwhite,1496582198,1496582291,93
oltorf,benwhite,1496579327,1496579328,1
oltorf,benwhite,1496577087,1496577239,152
oltorf,benwhite,1496568326,1496568403,77
oltorf,benwhite,1496591766,1496591894,128
oltorf,benwhite,1496590549,1496590555,6
oltorf,benwhite,1496613507,1496613563,56
oltorf,benwhite,1496588079,1496588274,195
oltorf,benwhite,1496586878,1496586996,118
oltorf,benwhite,1496584123,1496584214,91
oltorf,benwhite,1496573208,1496573331,123
oltorf,benwhite,1496597606,1496597708,102
oltorf,benwhite,1496603347,1496603415,68
oltorf,benwhite,1496607821,1496607951,130
oltorf,benwhite,1496581431,1496581526,95
oltorf,benwhite,1496589697,1496589872,175
oltorf,benwhite,1496614193,1496614200,7
oltorf,benwhite,1496609903,1496610078,175
oltorf,benwhite,1496577144,1496577202,58
oltorf,benwhite,1496591833,1496591986,153
oltorf,benwhite,1496585379,1496585454,75
oltorf,benwhite,1496577889,1496578027,138
oltorf,benwhite,1496610680,1496610704,24
oltorf,benwhite,1496603431,1496603497,66
oltorf,benwhite,1496601910,1496601985,75
oltorf,benwhite,1496575837,1496575907,70
oltorf,benwhite,1496610307,1496610402,95
oltorf,benwhite,1496601985,1496602165,180
oltorf,benwhite,1496586503,1496586702,199
oltorf,benwhite,1496600199,1496600298,99
oltorf,benwhite,1496592514,1496592674,160
oltorf,benwhite,1496602035,1496602224,189
oltorf,benwhite,1496583449,1496583495,46
oltorf,benwhite,1496612128,1496612298,170
oltorf,benwhite,1496599318,1496599455,137
oltorf,benwhite,1496601275,1496601400,125
oltorf,benwhite,1496605432,1496605440,8
oltorf,benwhite,1496607500,1496607532,32
oltorf,benwhite,1496577082,1496577228,146
oltorf,benwhite,1496597194,1496597304,110
oltorf,benwhite,1496579545,1496579733,188
oltorf,benwhite,1496611602,1496611740,138
oltorf,benwhite,1496576919,1496576969,50
oltorf,benwhite,1496601261,1496601367,106
oltorf,benwhite,1496600919,1496601097,178
oltorf,benwhite,1496602210,1496602282,72
oltorf,benwhite,1496595134,1496595263,129
oltorf,benwhite,1496611893,1496611893,0
oltorf,benwhite,1496587082,1496587251,169
oltorf,benwhite,1496570080,1496570210,130
oltorf,benwhite,1496579764,1496579881,117
oltorf,benwhite,1496599571,1496599722,151
oltorf,benwhite,1496602136,1496602205,69
oltorf,benwhite,1496576072,1496576087,15
oltorf,benwhite,1496576534,1496576711,177
oltorf,benwhite,1496616392,1496616457,65
oltorf,benwhite,1496608627,1496608749,122
oltorf,benwhite,1496616814,1496616878,64
oltorf,benwhite,1496594461,1496594616,155
oltorf,benwhite,1496604884,1496604914,30
oltorf,benwhite,1496602823,1496602911,88
oltorf,benwhite,1496617190,1496617220,30
oltorf,benwhite,1496581222,1496581356,134
oltorf,benwhite,1496579251,1496579276,25
oltorf,benwhite,1496592831,1496592859,28
oltorf,benwhite,1496597865,1496598064,199
oltorf,benwhite,1496589936,1496589965,29
oltorf,benwhite,1496607327,1496607380,53
oltorf,benwhite,1496603076,1496603150,74
oltorf,benwhite,1496589801,1496589883,82
oltorf,benwhite,1496608078,1496608203,125
oltorf,benwhite,1496598193,1496598310,117
oltorf,benwhite,1496582885,1496582974,89
oltorf,benwhite,1496594294,1496594339,45
oltorf,benwhite,1496569452,1496569503,51
oltorf,benwhite,1496589911,1496590100,189
oltorf,benwhite,1496577140,1496577250,110
oltorf,benwhite,1496604375,1496604506,131
oltorf,benwhite,1496582975,1496583034,59
oltorf,benwhite,1496586165,1496586251,86
oltorf,benwhite,1496573737,1496573873,136
oltorf,benwhite,1496570768,1496570920,152
oltorf,benwhite,1496608039,1496608186,147
oltorf,benwhite,1496605914,1496606052,138
oltorf,benwhite,1496609179,1496609241,62
oltorf,benwhite,1496569994,1496570148,154
oltorf,benwhite,1496569220,1496569251,31
oltorf,benwhite,1496617662,1496617731,69
oltorf,benwhite,1496574215,1496574251,36
oltorf,benwhite,1496608257,1496608281,24
oltorf,benwhite,1496586450,1496586482,32
oltorf,benwhite,1496593550,1496593740,190
oltorf,benwhite,1496572807,1496572984,177
oltorf,benwhite,1496583581,1496583707,126
oltorf,benwhite,1496583595,1496583621,26
oltorf,benwhite,1496582483,1496582497,14
oltorf,benwhite,1496611305,1496611449,144
oltorf,benwhite,1496603983,1496604154,171
oltorf,benwhite,1496593925,1496593984,59
oltorf,benwhite,1496600482,1496600518,36
oltorf,benwhite,1496586578,1496586591,13
oltorf,benwhite,1496569660,1496569809,149
oltorf,benwhite,1496614910,1496614999,89
oltorf,benwhite,1496616349,1496616403,54
oltorf,benwhite,1496604799,1496604904,105
oltorf,benwhite,1496578909,1496579057,148
oltorf,benwhite,1496614201,1496614229,28
oltorf,benwhite,1496577004,1496577123,119
oltorf,benwhite,1496615353,1496615383,30
oltorf,benwhite,1496580157,1496580336,179
oltorf,benwhite,1496584053,1496584071,18
oltorf,benwhite,1496610454,1496610568,114
oltorf,benwhite,1496583444,1496583544,100
oltorf,benwhite,1496605422,1496605509,87
oltorf,benwhite,1496572298,1496572480,182
oltorf,benwhite,1496606338,1496606464,126
oltorf,benwhite,1496605751,1496605754,3
oltorf,benwhite,1496606287,1496606391,104
oltorf,benwhite,1496603897,1496603954,57
oltorf,benwhite,1496598258,1496598264,6
oltorf,benwhite,1496591327,1496591459,132
oltorf,benwhite,1496598367,1496598541,174
oltorf,benwhite,1496601821,1496601984,163
oltorf,benwhite,1496578316,1496578458,142
oltorf,benwhite,1496574222,1496574258,36
oltorf,benwhite,1496599565,1496599650,85
oltorf,benwhite,1496606480,1496606670,190
oltorf,benwhite,1496617057,1496617253,196
oltorf,benwhite,1496601401,1496601517,116
oltorf,benwhite,1496568945,1496569140,195
oltorf,benwhite,1496594654,1496594831,177
oltorf,benwhite,1496601588,1496601730,142
oltorf,benwhite,1496592574,1496592626,52
oltorf,benwhite,1496576873,1496576907,34
oltorf,benwhite,1496594437,1496594586,149
oltorf,benwhite,1496577133,1496577216,83
oltorf,benwhite,1496599127,1496599300,173
oltorf,benwhite,1496574665,1496574838,173
oltorf,benwhite,1496587913,1496588091,178
oltorf,benwhite,1496589969,1496590087,118
oltorf,benwhite,1496572760,1496572838,78
oltorf,benwhite,1496585176,1496585207,31
oltorf,benwhite,1496569211,1496569275,64
oltorf,benwhite,1496608338,1496608534,196
oltorf,benwhite,1496578289,1496578483,194
oltorf,benwhite,1496581421,1496581498,77
oltorf,benwhite,1496608589,1496608592,3
oltorf,benwhite,1496580607,1496580608,1
oltorf,benwhite,1496600369,1496600547,178
oltorf,benwhite,1496576202,1496576341,139
oltorf,benwhite,1496590824,1496590922,98
oltorf,benwhite,1496591258,1496591436,178
oltorf,benwhite,1496617617,1496617761,144
oltorf,benwhite,1496580541,1496580566,25
oltorf,benwhite,1496576664,1496576734,70
oltorf,benwhite,1496608267,1496608445,178
oltorf,benwhite,1496586451,1496586517,66
oltorf,benwhite,1496570488,1496570645,157
oltorf,benwhite,1496590371,1496590479,108
oltorf,benwhite,1496590889,1496591033,144
oltorf,benwhite,1496593609,1496593748,139
oltorf,benwhite,1496590143,1496590187,44
oltorf,benwhite,1496587048,1496587231,183
oltorf,benwhite,1496582483,1496582632,149
oltorf,benwhite,1496600935,1496601077,142
oltorf,benwhite,1496594352,1496594538,186
oltorf,benwhite,1496613613,1496613784,171
oltorf,benwhite,1496583533,1496583695,162
oltorf,benwhite,1496569939,1496570007,68
oltorf,benwhite,1496603039,1496603206,167
oltorf,benwhite,1496602454,1496602477,23
oltorf,benwhite,1496598426,1496598524,98
oltorf,benwhite,1496610512,1496610664,152
oltorf,benwhite,1496593108,1496593210,102
oltorf,benwhite,1496598491,1496598500,9
oltorf,benwhite,1496592668,1496592792,124
oltorf,benwhite,1496615913,1496615927,14
oltorf,benwhite,1496616451,1496616488,37
oltorf,benwhite,1496606149,1496606193,44
oltorf,benwhite,1496576623,1496576800,177
oltorf,benwhite,1496574440,1496574463,23
oltorf,benwhite,1496581148,1496581251,103
oltorf,benwhite,1496596753,1496596951,198
oltorf,benwhite,1496590721,1496590784,63
oltorf,benwhite,1496590912,1496590919,7
oltorf,benwhite,1496617419,1496617594,175
oltorf,benwhite,1496581309,1496581319,10
oltorf,benwhite,1496604040,1496604042,2
oltorf,benwhite,1496617200,1496617202,2
oltorf,benwhite,1496569378,1496569474,96
oltorf,benwhite,1496607707,1496607861,154
oltorf,benwhite,1496586166,1496586336,170
oltorf,benwhite,1496578701,1496578804,103
oltorf,benwhite,1496579172,1496579260,88
oltorf,benwhite,1496588467,1496588629,162
oltorf,benwhite,1496587955,1496588008,53
oltorf,benwhite,1496608980,1496609020,40
oltorf,benwhite,1496578598,1496578776,178
oltorf,benwhite,1496611103,1496611150,47
oltorf,benwhite,1496597898,1496597994,96
oltorf,benwhite,1496585855,1496585934,79
oltorf,benwhite,1496589052,1496589127,75
oltorf,benwhite,1496601517,1496601519,2
oltorf,benwhite,1496611724,1496611880,156
oltorf,benwhite,1496602702,1496602888,186
oltorf,benwhite,1496610823,1496610836,13
oltorf,benwhite,1496588662,1496588789,127
oltorf,benwhite,1496578038,1496578065,27
oltorf,benwhite,1496583427,1496583512,85
oltorf,benwhite,1496588084,1496588269,185
oltorf,benwhite,1496586647,1496586770,123
oltorf,benwhite,1496600798,1496600934,136
oltorf,benwhite,1496601458,1496601556,98
oltorf,benwhite,1496575074,1496575217,143
oltorf,benwhite,1496570748,1496570779,31
oltorf,benwhite,1496602670,1496602757,87
oltorf,benwhite,1496598764,1496598814,50
oltorf,benwhite,1496598111,1496598249,138
oltorf,benwhite,1496614635,1496614642,7
oltorf,benwhite,1496586689,1496586885,196
oltorf,benwhite,1496576801,1496576906,105
oltorf,benwhite,1496617147,1496617314,167
oltorf,benwhite,1496590092,1496590230,138
oltorf,benwhite,1496571356,1496571546,190
oltorf,benwhite,1496599237,1496599377,140
oltorf,benwhite,1496594180,1496594330,150
oltorf,benwhite,1496617522,1496617622,100
oltorf,benwhite,1496588183,1496588319,136
oltorf,benwhite,1496603183,1496603339,156
oltorf,benwhite,1496568811,1496568990,179
oltorf,benwhite,1496585800,1496585867,67
oltorf,benwhite,1496582013,1496582153,140
oltorf,benwhite,1496574523,1496574599,76
oltorf,benwhite,1496573787,1496573826,39
oltorf,benwhite,1496576747,1496576841,94
oltorf,benwhite,1496613402,1496613521,119
oltorf,benwhite,1496603497,1496603612,115
oltorf,benwhite,1496574857,1496574870,13
oltorf,benwhite,1496604672,1496604709,37
oltorf,benwhite,1496587826,1496588007,181
oltorf,benwhite,1496592762,1496592812,50
oltorf,benwhite,1496617504,1496617589,85
oltorf,benwhite,1496571312,1496571440,128
oltorf,benwhite,1496597102,1496597261,159
oltorf,benwhite,1496593473,1496593619,146
oltorf,benwhite,1496587601,1496587756,155
oltorf,benwhite,1496598049,1496598227,178
oltorf,benwhite,1496581376,1496581572,196
oltorf,benwhite,1496596281,1496596296,15
oltorf,benwhite,1496599043,1496599152,109
oltorf,benwhite,1496590577,1496590740,163
oltorf,benwhite,1496616045,1496616049,4
oltorf,benwhite,1496611232,1496611309,77
oltorf,benwhite,1496613360,1496613370,10
oltorf,benwhite,1496587173,1496587263,90
oltorf,benwhite,1496576608,1496576608,0
oltorf,benwhite,1496596157,1496596190,33
oltorf,benwhite,1496575298,1496575455,157
oltorf,benwhite,1496592298,1496592461,163
oltorf,benwhite,1496593405,1496593417,12
oltorf,benwhite,1496578149,1496578192,43
oltorf,benwhite,1496608858,1496609039,181
oltorf,benwhite,1496587381,1496587451,70
oltorf,benwhite,1496615788,1496615978,190
oltorf,benwhite,1496605410,1496605419,9
oltorf,benwhite,1496583382,1496583452,70
oltorf,benwhite,1496593866,1496594004,138
oltorf,benwhite,1496584471,1496584486,15
oltorf,benwhite,1496605517,1496605692,175
oltorf,benwhite,1496571765,1496571779,14
oltorf,benwhite,1496609398,1496609501,103
oltorf,benwhite,1496602602,1496602659,57
oltorf,benwhite,1496594430,1496594500,70
oltorf,benwhite,1496588482,1496588651,169
oltorf,benwhite,1496573085,1496573204,119
oltorf,benwhite,1496572852,1496573045,193
oltorf,benwhite,1496568546,1496568580,34
oltorf,benwhite,1496596681,1496596798,117
oltorf,benwhite,1496584438,1496584612,174
oltorf,benwhite,1496571615,1496571741,126
oltorf,benwhite,1496575798,1496575927,129
oltorf,benwhite,1496598538,1496598563,25
oltorf,benwhite,1496586783,1496586905,122
oltorf,benwhite,1496608344,1496608464,120
oltorf,benwhite,1496609517,1496609551,34
oltorf,benwhite,1496568171,1496568326,155
oltorf,benwhite,1496585813,1496585973,160
oltorf,benwhite,1496596462,1496596561,99
oltorf,benwhite,1496617503,1496617693,190
oltorf,benwhite,1496593703,1496593834,131
oltorf,benwhite,1496600513,1496600679,166
oltorf,benwhite,1496575279,1496575475,196
oltorf,benwhite,1496569209,1496569222,13
oltorf,benwhite,1496595102,1496595204,102
oltorf,benwhite,1496612206,1496612237,31
oltorf,benwhite,1496583157,1496583308,151
oltorf,benwhite,1496579264,1496579384,120
oltorf,benwhite,1496611843,1496611968,125
oltorf,benwhite,1496568569,1496568576,7
oltorf,benwhite,1496595388,1496595516,128
oltorf,benwhite,1496613219,1496613399,180
oltorf,benwhite,1496572390,1496572588,198
oltorf,benwhite,1496605737,1496605849,112
oltorf,benwhite,1496591824,1496591955,131
oltorf,benwhite,1496609418,1496609499,81
oltorf,benwhite,1496589057,1496589237,180
oltorf,benwhite,1496571074,1496571212,138
oltorf,benwhite,1496586261,1496586392,131
oltorf,benwhite,1496600940,1496601086,146
oltorf,benwhite,1496609425,1496609441,16
oltorf,benwhite,1496594926,1496595100,174
oltorf,benwhite,1496580080,1496580199,119
oltorf,benwhite,1496596772,1496596789,17
oltorf,benwhite,1496615216,1496615282,66
oltorf,benwhite,1496582218,1496582329,111
oltorf,benwhite,1496603650,1496603837,187
oltorf,benwhite,1496607020,1496607053,33
oltorf,benwhite,1496588341,1496588465,124
oltorf,benwhite,1496570706,1496570736,30
oltorf,benwhite,1496593286,1496593346,60
oltorf,benwhite,1496596267,1496596404,137
oltorf,benwhite,1496578811,1496578906,95
oltorf,benwhite,1496572838,1496572952,114
oltorf,benwhite,1496611569,1496611589,20
oltorf,benwhite,1496583776,1496583915,139
oltorf,benwhite,1496606554,1496606608,54
oltorf,benwhite,1496601394,1496601585,191
oltorf,benwhite,1496608213,1496608267,54
oltorf,benwhite,1496597904,1496598015,111
oltorf,benwhite,1496585521,1496585701,180
oltorf,benwhite,1496615110,1496615186,76
oltorf,benwhite,1496618263,1496618431,168
oltorf,benwhite,1496603132,1496603161,29
oltorf,benwhite,1496590791,1496590798,7
oltorf,benwhite,1496615625,1496615644,19
oltorf,benwhite,1496582028,1496582078,50
oltorf,benwhite,1496608877,1496608998,121
oltorf,benwhite,1496577116,1496577313,197
oltorf,benwhite,1496601198,1496601308,110
oltorf,benwhite,1496578765,1496578783,18
oltorf,benwhite,1496606330,1496606378,48
oltorf,benwhite,1496589505,1496589618,113
oltorf,benwhite,1496574007,1496574097,90
oltorf,benwhite,1496606421,1496606441,20
oltorf,benwhite,1496608030,1496608156,126
oltorf,benwhite,1496611199,1496611242,43
oltorf,benwhite,1496608843,1496608982,139
oltorf,benwhite,1496596064,1496596232,168
oltorf,benwhite,1496616780,1496616838,58
oltorf,benwhite,1496611575,1496611717,142
oltorf,benwhite,1496604155,1496604241,86
oltorf,benwhite,1496582139,1496582154,15
oltorf,benwhite,1496590388,1496590549,161
oltorf,benwhite,1496579719,1496579860,141
oltorf,benwhite,1496604058,1496604225,167
oltorf,benwhite,1496596345,1496596419,74
oltorf,benwhite,1496578661,1496578803,142
oltorf,benwhite,1496579659,1496579733,74
oltorf,benwhite,1496599228,1496599349,121
oltorf,benwhite,1496578784,1496578874,90
oltorf,benwhite,1496581201,1496581235,34
oltorf,benwhite,1496613690,1496613761,71
oltorf,benwhite,1496608257,1496608440,183
oltorf,benwhite,1496596533,1496596625,92
oltorf,benwhite,1496614284,1496614413,129
oltorf,benwhite,1496571484,1496571666,182
oltorf,benwhite,1496618005,1496618101,96
oltorf,benwhite,1496618009,1496618208,199
oltorf,benwhite,1496602011,1496602131,120
oltorf,benwhite,1496572693,1496572868,175
oltorf,benwhite,1496616203,1496616307,104
oltorf,benwhite,1496592618,1496592655,37
oltorf,benwhite,1496617850,1496617892,42
oltorf,benwhite,1496581711,1496581880,169
oltorf,benwhite,1496603109,1496603138,29
oltorf,benwhite,1496577800,1496577808,8
oltorf,benwhite,1496589521,1496589601,80
oltorf,benwhite,1496581457,1496581525,68
oltorf,benwhite,1496617373,1496617481,108
oltorf,benwhite,1496614496,1496614541,45
oltorf,benwhite,1496581767,1496581867,100
oltorf,benwhite,1496580704,1496580900,196
oltorf,benwhite,1496615890,1496616023,133
oltorf,benwhite,1496586800,1496586891,91
oltorf,benwhite,1496604859,1496604859,0
oltorf,benwhite,1496588207,1496588231,24
oltorf,benwhite,1496579478,1496579599,121
oltorf,benwhite,1496601181,1496601360,179
oltorf,benwhite,1496608273,1496608296,23
oltorf,benwhite,1496578413,1496578431,18
oltorf,benwhite,1496585657,1496585740,83
oltorf,benwhite,1496571073,1496571157,84
oltorf,benwhite,1496585158,1496585295,137
oltorf,benwhite,1496568388,1496568436,48
oltorf,benwhite,1496605674,1496605819,145
oltorf,benwhite,1496578726,1496578838,112
oltorf,benwhite,1496571431,1496571456,25
oltorf,benwhite,1496580299,1496580425,126
oltorf,benwhite,1496612214,1496612339,125
oltorf,benwhite,1496570658,1496570686,28
oltorf,benwhite,1496590872,1496590976,104
oltorf,benwhite,1496598785,1496598893,108
oltorf,benwhite,1496577795,1496577979,184
oltorf,benwhite,1496586993,1496587162,169
oltorf,benwhite,1496593530,1496593655,125
oltorf,benwhite,1496605415,1496605515,100
oltorf,benwhite,1496584951,1496584998,47
oltorf,benwhite,1496610925,1496610943,18
oltorf,benwhite,1496590739,1496590812,73
oltorf,benwhite,1496581387,1496581561,174
oltorf,benwhite,1496571825,1496571915,90
oltorf,benwhite,1496602357,1496602461,104
oltorf,benwhite,1496618030,1496618107,77
oltorf,benwhite,1496593834,1496593839,5
oltorf,benwhite,1496606211,1496606219,8
oltorf,benwhite,1496570463,1496570518,55
oltorf,benwhite,1496572895,1496572981,86
oltorf,benwhite,1496577053,1496577210,157
oltorf,benwhite,1496595906,1496596009,103
oltorf,benwhite,1496581459,1496581496,37
oltorf,benwhite,1496616620,1496616723,103
oltorf,benwhite,1496605186,1496605244,58
oltorf,benwhite,1496595392,1496595568,176
oltorf,benwhite,1496601484,1496601577,93
oltorf,benwhite,1496613575,1496613753,178
oltorf,benwhite,1496590314,1496590343,29
oltorf,benwhite,1496589648,1496589745,97
oltorf,benwhite,1496599392,1496599549,157
oltorf,benwhite,1496615649,1496615725,76
oltorf,benwhite,1496588159,1496588223,64
oltorf,benwhite,1496583162,1496583293,131
oltorf,benwhite,1496597315,1496597461,146
oltorf,benwhite,1496606300,1496606461,161
oltorf,benwhite,1496610276,1496610340,64
oltorf,benwhite,1496568127,1496568189,62
oltorf,benwhite,1496603393,1496603524,131
oltorf,benwhite,1496610898,1496610962,64
oltorf,benwhite,1496570985,1496571171,186
oltorf,benwhite,1496607252,1496607433,181
oltorf,benwhite,1496599156,1496599299,143
oltorf,benwhite,1496568349,1496568405,56
oltorf,benwhite,1496616608,1496616712,104
oltorf,benwhite,1496612442,1496612625,183
oltorf,benwhite,1496572294,1496572489,195
oltorf,benwhite,1496611510,1496611552,42
oltorf,benwhite,1496572285,1496572474,189
oltorf,benwhite,1496613864,1496614007,143
oltorf,benwhite,1496578352,1496578489,137
oltorf,benwhite,1496570940,1496570961,21
oltorf,benwhite,1496589060,1496589125,65
oltorf,benwhite,1496573093,1496573132,39
oltorf,benwhite,1496616459,1496616580,121
oltorf,benwhite,1496576406,1496576522,116
oltorf,benwhite,1496582041,1496582204,163
oltorf,benwhite,1496594665,1496594811,146
oltorf,benwhite,1496595589,1496595734,145
oltorf,benwhite,1496596572,1496596688,116
oltorf,benwhite,1496589563,1496589583,20
oltorf,benwhite,1496601266,1496601288,22
oltorf,benwhite,1496607224,1496607414,190
oltorf,benwhite,1496596456,1496596472,16
oltorf,benwhite,1496582104,1496582243,139
oltorf,benwhite,1496578599,1496578790,191
oltorf,benwhite,1496612626,1496612759,133
oltorf,benwhite,1496598473,1496598475,2
oltorf,benwhite,1496612437,1496612438,1
oltorf,benwhite,1496616390,1496616574,184
oltorf,benwhite,1496611118,1496611133,15
oltorf,benwhite,1496596708,1496596709,1
oltorf,benwhite,1496607854,1496607976,122
oltorf,benwhite,1496599365,1496599476,111
oltorf,benwhite,1496583186,1496583212,26
oltorf,benwhite,1496586469,1496586531,62
oltorf,benwhite,1496574294,1496574442,148
oltorf,benwhite,1496609172,1496609297,125
oltorf,benwhite,1496575811,1496575820,9
oltorf,benwhite,1496600297,1496600451,154
oltorf,benwhite,1496613683,1496613821,138
oltorf,benwhite,1496610027,1496610101,74
oltorf,benwhite,1496580678,1496580851,173
oltorf,benwhite,1496594240,1496594382,142
oltorf,benwhite,1496581925,1496582092,167
oltorf,benwhite,1496573472,1496573556,84
oltorf,benwhite,1496594846,1496594980,134
oltorf,benwhite,1496575921,1496576014,93
oltorf,benwhite,1496583334,1496583394,60
oltorf,benwhite,1496589566,1496589598,32
oltorf,benwhite,1496575056,1496575208,152
oltorf,benwhite,1496597596,1496597664,68
oltorf,benwhite,1496605912,1496605945,33
oltorf,benwhite,1496615976,1496616111,135
oltorf,benwhite,1496573139,1496573226,87
oltorf,benwhite,1496575004,1496575045,41
oltorf,benwhite,1496584775,1496584914,139
oltorf,benwhite,1496584014,1496584119,105
oltorf,benwhite,1496578086,1496578158,72
oltorf,benwhite,1496600735,1496600847,112
oltorf,benwhite,1496594274,1496594306,32
oltorf,benwhite,1496611391,1496611413,22
oltorf,benwhite,1496592963,1496593078,115
oltorf,benwhite,1496610233,1496610341,108
oltorf,benwhite,1496586594,1496586709,115
oltorf,benwhite,1496576991,1496577028,37
oltorf,benwhite,1496581802,1496581837,35
oltorf,benwhite,1496610363,1496610516,153
oltorf,benwhite,1496599079,1496599257,178
oltorf,benwhite,1496596745,1496596899,154
oltorf,benwhite,1496583248,1496583300,52
oltorf,benwhite,1496589002,1496589077,75
oltorf,benwhite,1496614005,1496614091,86
oltorf,benwhite,1496581055,1496581187,132
oltorf,benwhite,1496568236,1496568301,65
oltorf,benwhite,1496572057,1496572244,187
oltorf,benwhite,1496583683,1496583826,143
oltorf,benwhite,1496571098,1496571186,88
oltorf,benwhite,1496598337,1496598351,14
oltorf,benwhite,1496572307,1496572359,52
oltorf,benwhite,1496604847,1496604963,116
oltorf,benwhite,1496600157,1496600341,184
oltorf,benwhite,1496606202,1496606283,81
oltorf,benwhite,1496573386,1496573474,88
oltorf,benwhite,1496598999,1496599089,90
oltorf,benwhite,1496617990,1496618098,108
oltorf,benwhite,1496569963,1496570100,137
oltorf,benwhite,1496606537,1496606719,182
oltorf,benwhite,1496609603,1496609789,186
oltorf,benwhite,1496572456,1496572614,158
oltorf,benwhite,1496595415,1496595612,197
oltorf,benwhite,1496573088,1496573143,55
oltorf,benwhite,1496616919,1496617094,175
oltorf,benwhite,1496580971,1496581055,84
oltorf,benwhite,1496577972,1496578102,130
oltorf,benwhite,1496609704,1496609853,149
oltorf,benwhite,1496577192,1496577332,140
oltorf,benwhite,1496615654,1496615658,4
oltorf,benwhite,1496616559,1496616705,146
oltorf,benwhite,1496586618,1496586666,48
oltorf,benwhite,1496575373,1496575392,19
oltorf,benwhite,1496587560,1496587711,151
oltorf,benwhite,1496598373,1496598559,186
oltorf,benwhite,1496599990,1496600184,194
oltorf,benwhite,1496589408,1496589443,35
oltorf,benwhite,1496615389,1496615534,145
oltorf,benwhite,1496569891,1496569959,68
oltorf,benwhite,1496610407,1496610451,44
oltorf,benwhite,1496600247,1496600315,68
oltorf,benwhite,1496573147,1496573312,165
oltorf,benwhite,1496573189,1496573335,146
oltorf,benwhite,1496594745,1496594870,125
oltorf,benwhite,1496606882,1496606992,110
oltorf,benwhite,1496611805,1496611814,9
oltorf,benwhite,1496585978,1496586033,55
oltorf,benwhite,1496592893,1496593049,156
oltorf,benwhite,1496568257,1496568312,55
oltorf,benwhite,1496578287,1496578416,129
oltorf,benwhite,1496580662,1496580768,106
oltorf,benwhite,1496569846,1496569979,133
oltorf,benwhite,1496592607,1496592784,177
oltorf,benwhite,1496568178,1496568201,23
oltorf,benwhite,1496590916,1496591037,121
oltorf,benwhite,1496595269,1496595334,65
oltorf,benwhite,1496602107,1496602251,144
oltorf,benwhite,1496612525,1496612608,83
oltorf,benwhite,1496581876,1496581979,103
oltorf,benwhite,1496568150,1496568280,130
oltorf,benwhite,1496589310,1496589499,189
oltorf,benwhite,1496592893,1496592921,28
oltorf,benwhite,1496589040,1496589210,170
oltorf,benwhite,1496583944,1496584111,167
oltorf,benwhite,1496613005,1496613179,174
oltorf,benwhite,1496585279,1496585470,191
oltorf,benwhite,1496607708,1496607740,32
oltorf,benwhite,1496606881,1496607006,125
oltorf,benwhite,1496569010,1496569159,149
oltorf,benwhite,1496585045,1496585230,185
oltorf,benwhite,1496610472,1496610626,154
oltorf,benwhite,1496589070,1496589239,169
oltorf,benwhite,1496604986,1496605037,51
oltorf,benwhite,1496608920,1496608985,65
oltorf,benwhite,1496577345,1496577351,6
oltorf,benwhite,1496612616,1496612674,58
oltorf,benwhite,1496608417,1496608466,49
oltorf,benwhite,1496600492,1496600637,145
oltorf,benwhite,1496575352,1496575383,31
oltorf,benwhite,1496572382,1496572435,53
oltorf,benwhite,1496609920,1496610000,80
oltorf,benwhite,1496612453,1496612627,174
oltorf,benwhite,1496588966,1496589029,63
oltorf,benwhite,1496611303,1496611371,68
oltorf,benwhite,1496586392,1496586588,196
oltorf,benwhite,1496602209,1496602344,135
oltorf,benwhite,1496579607,1496579698,91
oltorf,benwhite,1496603414,1496603427,13
oltorf,benwhite,1496573226,1496573391,165
oltorf,benwhite,1496575880,1496576015,135
oltorf,benwhite,1496594509,1496594664,155
oltorf,benwhite,1496570670,1496570684,14
oltorf,benwhite,1496580553,1496580656,103
oltorf,benwhite,1496606725,1496606839,114
oltorf,benwhite,1496596179,1496596358,179
oltorf,benwhite,1496576875,1496576888,13
oltorf,benwhite,1496602859,1496603058,199
oltorf,benwhite,1496616104,1496616259,155
oltorf,benwhite,1496601884,1496602038,154
oltorf,benwhite,1496595462,1496595483,21
oltorf,benwhite,1496581503,1496581585,82
oltorf,benwhite,1496569343,1496569378,35
oltorf,benwhite,1496574353,1496574390,37
oltorf,benwhite,1496568389,1496568403,14
oltorf,benwhite,1496569151,1496569322,171
oltorf,benwhite,1496569408,1496569488,80
oltorf,benwhite,1496606769,1496606769,0
oltorf,benwhite,1496573572,1496573714,142
oltorf,benwhite,1496580944,1496581102,158
oltorf,benwhite,1496575844,1496576015,171
oltorf,benwhite,1496610021,1496610178,157
oltorf,benwhite,1496588492,1496588563,71
oltorf,benwhite,1496593021,1496593031,10
oltorf,benwhite,1496570458,1496570615,157
oltorf,benwhite,1496615933,1496616076,143
oltorf,benwhite,1496615738,1496615876,138
oltorf,benwhite,1496594315,1496594461,146
oltorf,benwhite,1496594389,1496594584,195
oltorf,benwhite,1496584874,1496585027,153
oltorf,benwhite,1496592095,1496592110,15
oltorf,benwhite,1496613609,1496613751,142
oltorf,benwhite,1496614182,1496614214,32
oltorf,benwhite,1496604214,1496604260,46
oltorf,benwhite,1496595209,1496595353,144
oltorf,benwhite,1496571778,1496571890,112
oltorf,benwhite,1496618244,1496618287,43
oltorf,benwhite,1496616607,1496616626,19
oltorf,benwhite,1496585179,1496585299,120
oltorf,benwhite,1496605915,1496606035,120
oltorf,benwhite,1496569586,1496569632,46
oltorf,benwhite,1496604806,1496604860,54
oltorf,benwhite,1496598847,1496598860,13
oltorf,benwhite,1496582452,1496582524,72
oltorf,benwhite,1496597250,1496597296,46
oltorf,benwhite,1496595268,1496595386,118
oltorf,benwhite,1496597508,1496597568,60
oltorf,benwhite,1496590811,1496590971,160
oltorf,benwhite,1496601385,1496601496,111
oltorf,benwhite,1496596072,1496596124,52
oltorf,benwhite,1496572884,1496572932,48
oltorf,benwhite,1496604953,1496604963,10
oltorf,benwhite,1496617879,1496618061,182
oltorf,benwhite,1496588058,1496588082,24
oltorf,benwhite,1496577877,1496578038,161
oltorf,benwhite,1496584951,1496584999,48
oltorf,benwhite,1496597460,1496597579,119
oltorf,benwhite,1496576225,1496576371,146
oltorf,benwhite,1496568281,1496568427,146
oltorf,benwhite,1496601817,1496601893,76
oltorf,benwhite,1496608601,1496608636,35
oltorf,benwhite,1496569080,1496569277,197
oltorf,benwhite,1496591917,1496592104,187
oltorf,benwhite,1496572667,1496572776,109
oltorf,benwhite,1496590526,1496590589,63
oltorf,benwhite,1496585999,1496586189,190
oltorf,benwhite,1496576985,1496577175,190
oltorf,benwhite,1496571268,1496571390,122
oltorf,benwhite,1496579754,1496579780,26
oltorf,benwhite,1496586000,1496586067,67
oltorf,benwhite,1496586461,1496586593,132
oltorf,benwhite,1496589207,1496589227,20
oltorf,benwhite,1496607784,1496607980,196
oltorf,benwhite,1496581115,1496581265,150
oltorf,benwhite,1496570880,1496571029,149
oltorf,benwhite,1496600286,1496600407,121
oltorf,benwhite,1496599262,1496599341,79
oltorf,benwhite,1496571216,1496571391,175
oltorf,benwhite,1496585693,1496585731,38
oltorf,benwhite,1496579658,1496579849,191
oltorf,benwhite,1496581069,1496581237,168
oltorf,benwhite,1496618265,1496618460,195
oltorf,benwhite,1496571364,1496571498,134
oltorf,benwhite,1496582268,1496582394,126
oltorf,benwhite,1496582583,1496582720,137
oltorf,benwhite,1496590833,1496590880,47
oltorf,benwhite,1496572702,1496572773,71
oltorf,benwhite,1496608958,1496608967,9
oltorf,benwhite,1496607785,1496607874,89
oltorf,benwhite,1496586764,1496586803,39
oltorf,benwhite,1496598405,1496598410,5
oltorf,benwhite,1496577291,1496577329,38
oltorf,benwhite,1496577856,1496577861,5
oltorf,benwhite,1496580197,1496580223,26
oltorf,benwhite,1496607657,1496607843,186
oltorf,benwhite,1496577167,1496577230,63
oltorf,benwhite,1496603600,1496603718,118
oltorf,benwhite,1496606428,1496606444,16
oltorf,benwhite,1496569843,1496570016,173
oltorf,benwhite,1496593970,1496594067,97
oltorf,benwhite,1496603442,1496603586,144
oltorf,benwhite,1496578682,1496578768,86
oltorf,benwhite,1496589851,1496589856,5
oltorf,benwhite,1496611544,1496611579,35
oltorf,benwhite,1496593835,1496593919,84
oltorf,benwhite,1496592811,1496592938,127
oltorf,benwhite,1496615850,1496616013,163
oltorf,benwhite,1496601426,1496601523,97
oltorf,benwhite,1496584857,1496584875,18
oltorf,benwhite,1496603407,1496603530,123
oltorf,benwhite,1496614103,1496614131,28
oltorf,benwhite,1496572131,1496572199,68
oltorf,benwhite,1496594018,1496594156,138
oltorf,benwhite,1496576029,1496576184,155
oltorf,benwhite,1496575615,1496575795,180
oltorf,benwhite,1496574347,1496574460,113
oltorf,benwhite,1496575861,1496575869,8
oltorf,benwhite,1496589924,1496590107,183
oltorf,benwhite,1496592171,1496592200,29
oltorf,benwhite,1496616219,1496616353,134
oltorf,benwhite,1496605814,1496605931,117
oltorf,benwhite,1496613551,1496613663,112
oltorf,benwhite,1496597915,1496597954,39
oltorf,benwhite,1496617735,1496617767,32
oltorf,benwhite,1496570298,1496570448,150
oltorf,benwhite,1496581713,1496581870,157
oltorf,benwhite,1496581469,1496581530,61
oltorf,benwhite,1496570788,1496570951,163
oltorf,benwhite,1496590579,1496590663,84
oltorf,benwhite,1496607419,1496607566,147
oltorf,benwhite,1496597433,1496597573,140
oltorf,benwhite,1496581861,1496581894,33
oltorf,benwhite,1496600115,1496600292,177
oltorf,benwhite,1496586111,1496586232,121
oltorf,benwhite,1496597757,1496597824,67
oltorf,benwhite,1496615916,1496616099,183
oltorf,benwhite,1496587479,1496587506,27
oltorf,benwhite,1496575652,1496575716,64
oltorf,benwhite,1496601138,1496601322,184
oltorf,benwhite,1496569344,1496569476,132
oltorf,benwhite,1496574464,1496574618,154
oltorf,benwhite,1496586191,1496586297,106
oltorf,benwhite,1496580767,1496580770,3
oltorf,benwhite,1496575586,1496575706,120
oltorf,benwhite,1496576830,1496576930,100
oltorf,benwhite,1496573595,1496573787,192
oltorf,benwhite,1496618245,1496618321,76
oltorf,benwhite,1496602059,1496602110,51
oltorf,benwhite,1496617257,1496617290,33
oltorf,benwhite,1496599935,1496599972,37
oltorf,benwhite,1496606381,1496606399,18
oltorf,benwhite,1496594343,1496594455,112
oltorf,benwhite,1496599064,1496599186,122
oltorf,benwhite,1496596184,1496596372,188
oltorf,benwhite,1496606902,1496607043,141
oltorf,benwhite,1496579202,1496579363,161
oltorf,benwhite,1496596937,1496597040,103
oltorf,benwhite,1496606441,1496606624,183
oltorf,benwhite,1496584743,1496584761,18
oltorf,benwhite,1496596819,1496596854,35
oltorf,benwhite,1496605832,1496605954,122
oltorf,benwhite,1496615840,1496615979,139
oltorf,benwhite,1496577618,1496577742,124
oltorf,benwhite,1496613649,1496613763,114
oltorf,benwhite,1496603928,1496604101,173
oltorf,benwhite,1496592440,1496592476,36
oltorf,benwhite,1496616778,1496616873,95
oltorf,benwhite,1496587301,1496587323,22
oltorf,benwhite,1496611968,1496612093,125
oltorf,benwhite,1496585921,1496585993,72
oltorf,benwhite,1496575894,1496576009,115
oltorf,benwhite,1496588546,1496588603,57
oltorf,benwhite,1496613216,1496613223,7
oltorf,benwhite,1496586831,1496586972,141
oltorf,benwhite,1496606597,1496606788,191
oltorf,benwhite,1496599576,1496599630,54
oltorf,benwhite,1496597392,1496597503,111
oltorf,benwhite,1496568627,1496568722,95
oltorf,benwhite,1496614339,1496614383,44
oltorf,benwhite,1496596982,1496597089,107
oltorf,benwhite,1496577721,1496577747,26
oltorf,benwhite,1496583395,1496583587,192
oltorf,benwhite,1496605365,1496605520,155
oltorf,benwhite,1496598210,1496598326,116
oltorf,benwhite,1496571982,1496572075,93
oltorf,benwhite,1496569072,1496569075,3
oltorf,benwhite,1496604741,1496604797,56
oltorf,benwhite,1496617367,1496617397,30
oltorf,benwhite,1496597909,1496598101,192
oltorf,benwhite,1496577164,1496577174,10
oltorf,benwhite,1496582274,1496582360,86
oltorf,benwhite,1496597612,1496597762,150
oltorf,benwhite,1496610523,1496610587,64
oltorf,benwhite,1496571123,1496571188,65
oltorf,benwhite,1496569044,1496569150,106
oltorf,benwhite,1496611952,1496612035,83
oltorf,benwhite,1496603859,1496603931,72
oltorf,benwhite,1496570215,1496570329,114
oltorf,benwhite,1496604622,1496604751,129
oltorf,benwhite,1496594493,1496594516,23
oltorf,benwhite,1496583421,1496583467,46
oltorf,benwhite,1496609637,1496609752,115
oltorf,benwhite,1496609541,1496609686,145
oltorf,benwhite,1496570755,1496570836,81
oltorf,benwhite,1496573143,1496573185,42
oltorf,benwhite,1496596810,1496596814,4
oltorf,benwhite,1496603722,1496603813,91
oltorf,benwhite,1496572119,1496572144,25
oltorf,benwhite,1496579083,1496579243,160
oltorf,benwhite,1496590163,1496590309,146
oltorf,benwhite,1496617023,1496617058,35
oltorf,benwhite,1496580390,1496580566,176
oltorf,benwhite,1496599306,1496599405,99
oltorf,benwhite,1496582623,1496582772,149
oltorf,benwhite,1496602792,1496602831,39
oltorf,benwhite,1496606680,1496606854,174
oltorf,benwhite,1496571911,1496572021,110
oltorf,benwhite,1496587131,1496587276,145
oltorf,benwhite,1496612182,1496612291,109
oltorf,benwhite,1496593329,1496593515,186
oltorf,benwhite,1496613824,1496614010,186
oltorf,benwhite,1496572847,1496572978,131
oltorf,benwhite,1496583786,1496583851,65
oltorf,benwhite,1496617549,1496617702,153
oltorf,benwhite,1496591669,1496591783,114
oltorf,benwhite,1496585893,1496585900,7
oltorf,benwhite,1496583837,1496583972,135
oltorf,benwhite,1496572538,1496572538,0
oltorf,benwhite,1496604173,1496604350,177
oltorf,benwhite,1496608107,1496608265,158
oltorf,benwhite,1496574110,1496574268,158
oltorf,benwhite,1496594661,1496594860,199
oltorf,benwhite,1496568344,1496568367,23
oltorf,benwhite,1496604114,1496604272,158
oltorf,benwhite,1496575320,1496575490,170
oltorf,benwhite,1496571753,1496571882,129
oltorf,benwhite,1496581223,1496581330,107
oltorf,benwhite,1496616829,1496616870,41
oltorf,benwhite,1496604000,1496604084,84
oltorf,benwhite,1496604042,1496604215,173
oltorf,benwhite,1496579589,1496579636,47
oltorf,benwhite,1496588946,1496589047,101
oltorf,benwhite,1496614455,1496614549,94
oltorf,benwhite,1496587780,1496587962,182
oltorf,benwhite,1496586951,1496586954,3
oltorf,benwhite,1496590672,1496590687,15
oltorf,benwhite,1496594907,1496595095,188
oltorf,benwhite,1496599975,1496600166,191
oltorf,benwhite,1496604844,1496604976,132
oltorf,benwhite,1496616086,1496616104,18
oltorf,benwhite,1496604694,1496604715,21
oltorf,benwhite,1496603897,1496603912,15
oltorf,benwhite,1496568281,1496568349,68
oltorf,benwhite,1496576319,1496576319,0
oltorf,benwhite,1496594643,1496594724,81
oltorf,benwhite,1496569859,1496569934,75
oltorf,benwhite,1496590913,1496591085,172
oltorf,benwhite,1496597614,1496597658,44
oltorf,benwhite,1496593163,1496593213,50
oltorf,benwhite,1496608766,1496608821,55
oltorf,benwhite,1496615227,1496615279,52
oltorf,benwhite,1496603187,1496603386,199
oltorf,benwhite,1496578453,1496578610,157
oltorf,benwhite,1496590248,1496590364,116
oltorf,benwhite,1496586488,1496586633,145
oltorf,benwhite,1496616424,1496616492,68
oltorf,benwhite,1496608851,1496609046,195
oltorf,benwhite,1496600517,1496600619,102
oltorf,benwhite,1496585009,1496585098,89
oltorf,benwhite,1496590931,1496590936,5
oltorf,benwhite,1496571394,1496571580,186
oltorf,benwhite,1496597122,1496597215,93
oltorf,benwhite,1496602082,1496602221,139
oltorf,benwhite,1496598914,1496598985,71
oltorf,benwhite,1496570481,1496570633,152
oltorf,benwhite,1496572463,1496572651,188
oltorf,benwhite,1496586020,1496586056,36
oltorf,benwhite,1496591245,1496591422,177
oltorf,benwhite,1496591144,1496591182,38
oltorf,benwhite,1496610184,1496610257,73
oltorf,benwhite,1496574748,1496574834,86
oltorf,benwhite,1496594762,1496594897,135
oltorf,benwhite,1496613453,1496613610,157
oltorf,benwhite,1496614233,1496614365,132
oltorf,benwhite,1496569530,1496569587,57
oltorf,benwhite,1496605040,1496605040,0
oltorf,benwhite,1496574708,1496574737,29
oltorf,benwhite,1496580806,1496580927,121
oltorf,benwhite,1496585000,1496585158,158
oltorf,benwhite,1496616074,1496616107,33
oltorf,benwhite,1496608469,1496608653,184
oltorf,benwhite,1496615315,1496615367,52
oltorf,benwhite,1496603648,1496603711,63
oltorf,benwhite,1496607175,1496607304,129
oltorf,benwhite,1496573640,1496573680,40
oltorf,benwhite,1496587838,1496587899,61
oltorf,benwhite,1496609114,1496609160,46
oltorf,benwhite,1496592200,1496592296,96
oltorf,benwhite,1496606288,1496606429,141
oltorf,benwhite,1496573197,1496573270,73
oltorf,benwhite,1496604862,1496604947,85
oltorf,benwhite,1496574020,1496574143,123
oltorf,benwhite,1496600733,1496600754,21
oltorf,benwhite,1496610363,1496610476,113
oltorf,benwhite,1496613282,1496613361,79
oltorf,benwhite,1496608504,1496608599,95
oltorf,benwhite,1496613756,1496613848,92
oltorf,benwhite,1496607610,1496607795,185
oltorf,benwhite,1496613480,1496613676,196
oltorf,benwhite,1496587543,1496587736,193
oltorf,benwhite,1496610535,1496610602,67
oltorf,benwhite,1496572963,1496573144,181
oltorf,benwhite,1496588694,1496588711,17
oltorf,benwhite,1496601923,1496602049,126
oltorf,benwhite,1496610881,1496611036,155
oltorf,benwhite,1496595956,1496595969,13
oltorf,benwhite,1496590619,1496590761,142
oltorf,benwhite,1496609689,1496609792,103
oltorf,benwhite,1496576271,1496576295,24
oltorf,benwhite,1496616552,1496616720,168
oltorf,benwhite,1496606910,1496607071,161
oltorf,benwhite,1496613166,1496613227,61
oltorf,benwhite,1496583070,1496583163,93
oltorf,benwhite,1496590189,1496590308,119
oltorf,benwhite,1496612932,1496613119,187
oltorf,benwhite,1496595282,1496595369,87
oltorf,benwhite,1496592895,1496592988,93
oltorf,benwhite,1496596664,1496596710,46
oltorf,benwhite,1496598858,1496598954,96
oltorf,benwhite,1496569607,1496569654,47
oltorf,benwhite,1496585106,1496585264,158
oltorf,benwhite,1496616674,1496616828,154
oltorf,benwhite,1496605823,1496605849,26
oltorf,benwhite,1496578701,1496578844,143
oltorf,benwhite,1496594260,1496594421,161
oltorf,benwhite,1496593721,1496593843,122
oltorf,benwhite,1496590170,1496590277,107
oltorf,benwhite,1496586655,1496586685,30
oltorf,benwhite,1496583580,1496583753,173
oltorf,benwhite,1496582822,1496582963,141
oltorf,benwhite,1496586822,1496586916,94
oltorf,benwhite,1496598682,1496598868,186
oltorf,benwhite,1496570826,1496570986,160
oltorf,benwhite,1496571352,1496571487,135
oltorf,benwhite,1496601978,1496601999,21
oltorf,benwhite,1496607000,1496607167,167
oltorf,benwhite,1496604229,1496604328,99
oltorf,benwhite,1496574866,1496574875,9
oltorf,benwhite,1496603611,1496603771,160
oltorf,benwhite,1496600924,1496600952,28
oltorf,benwhite,1496576929,1496576953,24
oltorf,benwhite,1496584511,1496584583,72
oltorf,benwhite,1496600921,1496600987,66
oltorf,benwhite,1496606961,1496606984,23
oltorf,benwhite,1496572777,1496572837,60
oltorf,benwhite,1496614585,1496614629,44
oltorf,benwhite,1496572023,1496572096,73
oltorf,benwhite,1496580093,1496580197,104
oltorf,benwhite,1496578188,1496578279,91
oltorf,benwhite,1496584364,1496584547,183
oltorf,benwhite,1496584289,1496584408,119
oltorf,benwhite,1496597657,1496597693,36
oltorf,benwhite,1496597755,1496597777,22
oltorf,benwhite,1496587697,1496587708,11
oltorf,benwhite,1496588900,1496589066,166
oltorf,benwhite,1496570321,1496570386,65
oltorf,benwhite,1496587362,1496587550,188
oltorf,benwhite,1496570197,1496570216,19
oltorf,benwhite,1496582458,1496582588,130
oltorf,benwhite,1496591961,1496592092,131
oltorf,benwhite,1496571488,1496571501,13
oltorf,benwhite,1496617389,1496617565,176
oltorf,benwhite,1496602996,1496603040,44
oltorf,benwhite,1496597354,1496597546,192
oltorf,benwhite,1496598022,1496598113,91
oltorf,benwhite,1496598304,1496598348,44
oltorf,benwhite,1496616623,1496616738,115
oltorf,benwhite,1496569303,1496569336,33
oltorf,benwhite,1496591301,1496591364,63
oltorf,benwhite,1496592721,1496592775,54
oltorf,benwhite,1496610916,1496611045,129
oltorf,benwhite,1496590390,1496590410,20
oltorf,benwhite,1496612984,1496613017,33
oltorf,benwhite,1496611655,1496611687,32
oltorf,benwhite,1496583352,1496583376,24
oltorf,benwhite,1496588521,1496588621,100
oltorf,benwhite,1496587372,1496587539,167
oltorf,benwhite,1496610453,1496610583,130
oltorf,benwhite,1496604203,1496604208,5
oltorf,benwhite,1496613418,1496613506,88
oltorf,benwhite,1496594309,1496594438,129
oltorf,benwhite,1496613902,1496613966,64
oltorf,benwhite,1496568192,1496568232,40
oltorf,benwhite,1496598355,1496598500,145
oltorf,benwhite,1496601781,1496601887,106
oltorf,benwhite,1496604721,1496604816,95
oltorf,benwhite,1496587232,1496587239,7
oltorf,benwhite,1496578852,1496578899,47
oltorf,benwhite,1496569801,1496569922,121
oltorf,benwhite,1496574049,1496574190,141
oltorf,benwhite,1496588434,1496588462,28
oltorf,benwhite,1496611126,1496611170,44
oltorf,benwhite,1496616613,1496616718,105
oltorf,benwhite,1496601853,1496601876,23
oltorf,benwhite,1496599960,1496600067,107
oltorf,benwhite,1496591281,1496591364,83
oltorf,benwhite,1496609881,1496610009,128
oltorf,benwhite,1496569746,1496569941,195
oltorf,benwhite,1496569442,1496569625,183
oltorf,benwhite,1496590042,1496590135,93
oltorf,benwhite,1496588971,1496588992,21
oltorf,benwhite,1496590792,1496590885,93
oltorf,benwhite,1496586371,1496586541,170
oltorf,benwhite,1496616490,1496616520,30
oltorf,benwhite,1496599149,1496599290,141
oltorf,benwhite,1496595186,1496595360,174
oltorf,benwhite,1496587916,1496588064,148
oltorf,benwhite,1496580167,1496580299,132
oltorf,benwhite,1496616163,1496616342,179
oltorf,benwhite,1496583682,1496583735,53
oltorf,benwhite,1496586579,1496586585,6
oltorf,benwhite,1496575530,1496575722,192
oltorf,benwhite,1496592286,1496592400,114
oltorf,benwhite,1496583307,1496583382,75
oltorf,benwhite,1496600780,1496600939,159
oltorf,benwhite,1496611005,1496611140,135
oltorf,benwhite,1496580198,1496580394,196
oltorf,benwhite,1496616016,1496616151,135
oltorf,benwhite,1496569897,1496570020,123
oltorf,benwhite,1496588719,1496588896,177
oltorf,benwhite,1496612857,1496612955,98
oltorf,benwhite,1496580652,1496580723,71
oltorf,benwhite,1496573051,1496573066,15
oltorf,benwhite,1496571444,1496571583,139
oltorf,benwhite,1496606431,1496606481,50
oltorf,benwhite,1496585563,1496585573,10
oltorf,benwhite,1496594545,1496594566,21
oltorf,benwhite,1496608928,1496608973,45
oltorf,benwhite,1496612446,1496612625,179
oltorf,benwhite,1496582842,1496582848,6
oltorf,benwhite,1496602615,1496602642,27
oltorf,benwhite,1496573834,1496574018,184
oltorf,benwhite,1496583045,1496583079,34
oltorf,benwhite,1496574976,1496575105,129
oltorf,benwhite,1496571836,1496571944,108
oltorf,benwhite,1496589848,1496590005,157
oltorf,benwhite,1496597843,1496597866,23
oltorf,benwhite,1496599377,1496599547,170
oltorf,benwhite,1496596228,1496596309,81
oltorf,benwhite,1496597658,1496597747,89
oltorf,benwhite,1496589943,1496590002,59
oltorf,benwhite,1496609859,1496609868,9
oltorf,benwhite,1496600625,1496600816,191
oltorf,benwhite,1496569260,1496569343,83
oltorf,benwhite,1496599928,1496600087,159
oltorf,benwhite,1496610020,1496610139,119
oltorf,benwhite,1496587689,1496587842,153
oltorf,benwhite,1496612893,1496613047,154
oltorf,benwhite,1496599479,1496599660,181
oltorf,benwhite,1496614181,1496614308,127
oltorf,benwhite,1496597555,1496597722,167
oltorf,benwhite,1496589060,1496589205,145
oltorf,benwhite,1496593044,1496593129,85
oltorf,benwhite,1496571437,1496571625,188
oltorf,benwhite,1496611354,1496611495,141
oltorf,benwhite,1496576248,1496576281,33
oltorf,benwhite,1496613341,1496613427,86
oltorf,benwhite,1496599549,1496599679,130
oltorf,benwhite,1496570270,1496570294,24
oltorf,benwhite,1496598240,1496598415,175
oltorf,benwhite,1496602051,1496602096,45
oltorf,benwhite,1496608299,1496608416,117
oltorf,benwhite,1496614529,1496614579,50
oltorf,benwhite,1496607979,1496608024,45
oltorf,benwhite,1496591564,1496591672,108
oltorf,benwhite,1496570761,1496570832,71
oltorf,benwhite,1496607616,1496607783,167
oltorf,benwhite,1496597219,1496597382,163
oltorf,benwhite,1496569066,1496569137,71
oltorf,benwhite,1496598034,1496598090,56
oltorf,benwhite,1496598947,1496598958,11
oltorf,benwhite,1496615200,1496615336,136
oltorf,benwhite,1496599764,1496599931,167
oltorf,benwhite,1496595229,1496595379,150
oltorf,benwhite,1496607954,1496608072,118
oltorf,benwhite,1496586082,1496586238,156
oltorf,benwhite,1496585651,1496585791,140
oltorf,benwhite,1496617847,1496617990,143
oltorf,benwhite,1496575656,1496575718,62
oltorf,benwhite,1496586374,1496586444,70
oltorf,benwhite,1496599731,1496599841,110
oltorf,benwhite,1496593926,1496593936,10
oltorf,benwhite,1496607603,1496607744,141
oltorf,benwhite,1496616860,1496616913,53
oltorf,benwhite,1496603652,1496603760,108
oltorf,benwhite,1496607757,1496607819,62
oltorf,benwhite,1496616253,1496616445,192
oltorf,benwhite,1496589443,1496589457,14
oltorf,benwhite,1496590854,1496591008,154
oltorf,benwhite,1496582196,1496582305,109
oltorf,benwhite,1496574631,1496574689,58
oltorf,benwhite,1496594049,1496594245,196
oltorf,benwhite,1496583840,1496583950,110
oltorf,benwhite,1496617816,1496617926,110
oltorf,benwhite,1496587830,1496587879,49
oltorf,benwhite,1496582888,1496582986,98
oltorf,benwhite,1496588891,1496588999,108
oltorf,benwhite,1496607261,1496607269,8
oltorf,benwhite,1496612403,1496612524,121
oltorf,benwhite,1496596865,1496596930,65
oltorf,benwhite,1496588280,1496588429,149
oltorf,benwhite,1496582173,1496582176,3
oltorf,benwhite,1496600436,1496600482,46
oltorf,benwhite,1496613755,1496613944,189
oltorf,benwhite,1496569707,1496569858,151
oltorf,benwhite,1496616364,1496616386,22
oltorf,benwhite,1496582495,1496582507,12
oltorf,benwhite,1496582888,1496582917,29
oltorf,benwhite,1496595251,1496595304,53
oltorf,benwhite,1496603759,1496603774,15
oltorf,benwhite,1496601291,1496601352,61
oltorf,benwhite,1496608068,1496608137,69
oltorf,benwhite,1496591000,1496591119,119
oltorf,benwhite,1496571090,1496571197,107
oltorf,benwhite,1496587718,1496587874,156
oltorf,benwhite,1496611101,1496611297,196
oltorf,benwhite,1496614261,1496614355,94
oltorf,benwhite,1496569432,1496569551,119
oltorf,benwhite,1496585487,1496585580,93
oltorf,benwhite,1496615636,1496615809,173
oltorf,benwhite,1496583683,1496583733,50
oltorf,benwhite,1496604053,1496604053,0
oltorf,benwhite,1496604234,1496604288,54
oltorf,benwhite,1496597358,1496597387,29
oltorf,benwhite,1496616914,1496616981,67
oltorf,benwhite,1496577653,1496577705,52
oltorf,benwhite,1496594909,1496595020,111
oltorf,benwhite,1496615055,1496615165,110
oltorf,benwhite,1496570621,1496570658,37
oltorf,benwhite,1496569400,1496569478,78
oltorf,benwhite,1496582110,1496582137,27
oltorf,benwhite,1496612000,1496612162,162
oltorf,benwhite,1496608692,1496608796,104
oltorf,benwhite,1496580719,1496580733,14
oltorf,benwhite,1496581324,1496581431,107
oltorf,benwhite,1496569955,1496570073,118
oltorf,benwhite,1496618356,1496618539,183
oltorf,benwhite,1496608774,1496608844,70
oltorf,benwhite,1496576648,1496576832,184
oltorf,benwhite,1496585689,1496585778,89
oltorf,benwhite,1496593214,1496593396,182
oltorf,benwhite,1496571015,1496571022,7
oltorf,benwhite,1496576101,1496576216,115
oltorf,benwhite,1496606603,1496606734,131
oltorf,benwhite,1496590715,1496590769,54
oltorf,benwhite,1496590686,1496590871,185
oltorf,benwhite,1496571488,1496571536,48
oltorf,benwhite,1496581547,1496581560,13
oltorf,benwhite,1496604821,1496604834,13
oltorf,benwhite,1496599863,1496600060,197
oltorf,benwhite,1496603688,1496603761,73
oltorf,benwhite,1496609941,1496610139,198
oltorf,benwhite,1496582793,1496582928,135
oltorf,benwhite,1496578892,1496579029,137
oltorf,benwhite,1496594316,1496594434,118
oltorf,benwhite,1496602468,1496602582,114
oltorf,benwhite,1496610694,1496610848,154
oltorf,benwhite,1496610259,1496610278,19
oltorf,benwhite,1496605367,1496605425,58
oltorf,benwhite,1496606646,1496606811,165
oltorf,benwhite,1496600636,1496600779,143
oltorf,benwhite,1496573635,1496573677,42
oltorf,benwhite,1496595170,1496595206,36
oltorf,benwhite,1496616626,1496616766,140
oltorf,benwhite,1496616149,1496616225,76
oltorf,benwhite,1496613857,1496614022,165
oltorf,benwhite,1496611417,1496611463,46
oltorf,benwhite,1496589021,1496589159,138
oltorf,benwhite,1496585671,1496585708,37
oltorf,benwhite,1496574786,1496574888,102
oltorf,benwhite,1496591547,1496591589,42
oltorf,benwhite,1496572754,1496572884,130
oltorf,benwhite,1496580717,1496580788,71
oltorf,benwhite,1496588134,1496588274,140
oltorf,benwhite,1496568843,1496568988,145
oltorf,benwhite,1496570086,1496570232,146
oltorf,benwhite,1496569313,1496569351,38
oltorf,benwhite,1496604004,1496604023,19
oltorf,benwhite,1496613626,1496613821,195
oltorf,benwhite,1496601178,1496601195,17
oltorf,benwhite,1496608551,1496608632,81
oltorf,benwhite,1496586751,1496586928,177
oltorf,benwhite,1496606365,1496606494,129
oltorf,benwhite,1496580809,1496580923,114
oltorf,benwhite,1496568217,1496568326,109
oltorf,benwhite,1496615785,1496615807,22
oltorf,benwhite,1496617887,1496617964,77
oltorf,benwhite,1496582976,1496582996,20
oltorf,benwhite,1496569205,1496569283,78
oltorf,benwhite,1496583563,1496583672,109
oltorf,benwhite,1496597725,1496597881,156
oltorf,benwhite,1496575646,1496575804,158
oltorf,benwhite,1496603427,1496603587,160
oltorf,benwhite,1496574326,1496574333,7
oltorf,benwhite,1496579402,1496579452,50
oltorf,benwhite,1496568935,1496569117,182
oltorf,benwhite,1496584998,1496585011,13
oltorf,benwhite,1496587048,1496587125,77
oltorf,benwhite,1496578151,1496578257,106
oltorf,benwhite,1496594191,1496594369,178
oltorf,benwhite,1496613186,1496613236,50
oltorf,benwhite,1496608419,1496608490,71
oltorf,benwhite,1496585182,1496585306,124
oltorf,benwhite,1496589327,1496589519,192
oltorf,benwhite,1496615561,1496615584,23
oltorf,benwhite,1496616481,1496616600,119
oltorf,benwhite,1496579779,1496579854,75
oltorf,benwhite,1496571152,1496571177,25
oltorf,benwhite,1496576503,1496576665,162
oltorf,benwhite,1496589139,1496589221,82
oltorf,benwhite,1496575834,1496576005,171
oltorf,benwhite,1496579747,1496579913,166
oltorf,benwhite,1496591873,1496591917,44
oltorf,benwhite,1496595466,1496595551,85
oltorf,benwhite,1496569760,1496569872,112
oltorf,benwhite,1496600088,1496600269,181
oltorf,benwhite,1496617287,1496617403,116
oltorf,benwhite,1496581567,1496581642,75
oltorf,benwhite,1496618156,1496618206,50
oltorf,benwhite,1496587285,1496587403,118
oltorf,benwhite,1496594386,1496594517,131
oltorf,benwhite,1496591105,1496591117,12
oltorf,benwhite,1496574912,1496574926,14
oltorf,benwhite,1496612007,1496612049,42
oltorf,benwhite,1496573146,1496573149,3
oltorf,benwhite,1496596434,1496596472,38
oltorf,benwhite,1496606559,1496606619,60
oltorf,benwhite,1496602519,1496602689,170
oltorf,benwhite,1496572850,1496572985,135
oltorf,benwhite,1496613208,1496613399,191
oltorf,benwhite,1496605842,1496605843,1
oltorf,benwhite,1496601793,1496601904,111
oltorf,benwhite,1496599756,1496599823,67
oltorf,benwhite,1496607293,1496607444,151
oltorf,benwhite,1496614851,1496615036,185
oltorf,benwhite,1496571588,1496571632,44
oltorf,benwhite,1496575424,1496575485,61
oltorf,benwhite,1496587604,1496587608,4
oltorf,benwhite,1496582491,1496582508,17
oltorf,benwhite,1496578293,1496578389,96
oltorf,benwhite,1496587771,1496587951,180
oltorf,benwhite,1496568779,1496568816,37
oltorf,benwhite,1496609061,1496609197,136
oltorf,benwhite,1496608612,1496608690,78
oltorf,benwhite,1496600390,1496600583,193
oltorf,benwhite,1496596087,1496596116,29
oltorf,benwhite,1496570090,1496570283,193
oltorf,benwhite,1496575454,1496575530,76
oltorf,benwhite,1496597572,1496597722,150
oltorf,benwhite,1496585287,1496585368,81
oltorf,benwhite,1496575307,1496575354,47
oltorf,benwhite,1496572425,1496572513,88
oltorf,benwhite,1496599739,1496599883,144
oltorf,benwhite,1496592798,1496592933,135
oltorf,benwhite,1496599415,1496599501,86
oltorf,benwhite,1496615822,1496615848,26
oltorf,benwhite,1496576155,1496576320,165
oltorf,benwhite,1496611691,1496611715,24
oltorf,benwhite,1496584852,1496585025,173
oltorf,benwhite,1496592033,1496592175,142
oltorf,benwhite,1496589774,1496589949,175
oltorf,benwhite,1496592756,1496592761,5
oltorf,benwhite,1496584420,1496584481,61
oltorf,benwhite,1496583133,1496583167,34
oltorf,benwhite,1496583144,1496583251,107
oltorf,benwhite,1496585172,1496585329,157
oltorf,benwhite,1496606105,1496606145,40
oltorf,benwhite,1496603883,1496604056,173
oltorf,benwhite,1496581876,1496582054,178
oltorf,benwhite,1496578391,1496578489,98
oltorf,benwhite,1496617762,1496617927,165
oltorf,benwhite,1496604475,1496604530,55
oltorf,benwhite,1496577234,1496577415,181
oltorf,benwhite,1496576186,1496576313,127
oltorf,benwhite,1496601793,1496601802,9
oltorf,benwhite,1496595885,1496595918,33
oltorf,benwhite,1496574447,1496574567,120
oltorf,benwhite,1496605857,1496605935,78
oltorf,benwhite,1496570985,1496571103,118
oltorf,benwhite,1496570117,1496570131,14
oltorf,benwhite,1496583370,1496583373,3
oltorf,benwhite,1496581316,1496581365,49
oltorf,benwhite,1496607463,1496607562,99
oltorf,benwhite,1496610313,1496610480,167
oltorf,benwhite,1496586304,1496586396,92
oltorf,benwhite,1496575526,1496575678,152
oltorf,benwhite,1496571954,1496572058,104
oltorf,benwhite,1496604134,1496604267,133
oltorf,benwhite,1496569281,1496569284,3
oltorf,benwhite,1496583860,1496583891,31
oltorf,benwhite,1496578038,1496578120,82
oltorf,benwhite,1496584040,1496584052,12
oltorf,benwhite,1496595885,1496595925,40
oltorf,benwhite,1496602989,1496603109,120
oltorf,benwhite,1496580587,1496580591,4
oltorf,benwhite,1496610865,1496610898,33
oltorf,benwhite,1496586466,1496586566,100
oltorf,benwhite,1496582438,1496582570,132
oltorf,benwhite,1496587143,1496587238,95
oltorf,benwhite,1496615292,1496615456,164
oltorf,benwhite,1496610565,1496610566,1
oltorf,benwhite,1496587538,1496587624,86
oltorf,benwhite,1496590544,1496590662,118
oltorf,benwhite,1496570641,1496570733,92
oltorf,benwhite,1496584184,1496584255,71
oltorf,benwhite,1496606271,1496606376,105
oltorf,benwhite,1496617444,1496617554,110
oltorf,benwhite,1496568826,1496568844,18
oltorf,benwhite,1496617381,1496617552,171
oltorf,benwhite,1496584402,1496584553,151
oltorf,benwhite,1496593554,1496593714,160
oltorf,benwhite,1496582997,1496583022,25
oltorf,benwhite,1496609506,1496609556,50
oltorf,benwhite,1496569869,1496569954,85
oltorf,benwhite,1496572262,1496572285,23
oltorf,benwhite,1496573065,1496573242,177
oltorf,benwhite,1496587001,1496587074,73
oltorf,benwhite,1496604578,1496604643,65
oltorf,benwhite,1496602095,1496602275,180
oltorf,benwhite,1496591669,1496591860,191
oltorf,benwhite,1496608189,1496608354,165
oltorf,benwhite,1496569417,1496569492,75
oltorf,benwhite,1496580476,1496580586,110
oltorf,benwhite,1496583503,1496583685,182
oltorf,benwhite,1496605469,1496605482,13
oltorf,benwhite,1496615071,1496615103,32
oltorf,benwhite,1496586721,1496586887,166
oltorf,benwhite,1496598063,1496598189,126
oltorf,benwhite,1496586568,1496586622,54
oltorf,benwhite,1496591121,1496591140,19
oltorf,benwhite,1496591843,1496591961,118
oltorf,benwhite,1496574643,1496574804,161
oltorf,benwhite,1496585277,1496585370,93
oltorf,benwhite,1496605100,1496605150,50
oltorf,benwhite,1496617475,1496617596,121
oltorf,benwhite,1496582019,1496582119,100
oltorf,benwhite,1496573907,1496574032,125
oltorf,benwhite,1496605654,1496605689,35
oltorf,benwhite,1496568249,1496568401,152
oltorf,benwhite,1496618394,1496618428,34
oltorf,benwhite,1496578182,1496578353,171
oltorf,benwhite,1496580847,1496580858,11
oltorf,benwhite,1496580310,1496580354,44
oltorf,benwhite,1496607530,1496607650,120
oltorf,benwhite,1496580909,1496581077,168
oltorf,benwhite,1496595616,1496595815,199
oltorf,benwhite,1496591605,1496591711,106
oltorf,benwhite,1496608184,1496608341,157
oltorf,benwhite,1496577205,1496577246,41
oltorf,benwhite,1496584330,1496584460,130
oltorf,benwhite,1496585165,1496585348,183
oltorf,benwhite,1496585212,1496585274,62
oltorf,benwhite,1496606084,1496606127,43
oltorf,benwhite,1496571142,1496571311,169
oltorf,benwhite,1496601585,1496601723,138
oltorf,benwhite,1496612216,1496612228,12
oltorf,benwhite,1496607614,1496607786,172
oltorf,benwhite,1496580325,1496580369,44
oltorf,benwhite,1496611048,1496611141,93
oltorf,benwhite,1496577664,1496577797,133
oltorf,benwhite,1496611602,1496611793,191
oltorf,benwhite,1496578812,1496578834,22
oltorf,benwhite,1496583552,1496583689,137
oltorf,benwhite,1496595689,1496595806,117
oltorf,benwhite,1496578719,1496578747,28
oltorf,benwhite,1496593638,1496593786,148
oltorf,benwhite,1496604507,1496604635,128
oltorf,benwhite,1496617951,1496617994,43
oltorf,benwhite,1496590871,1496590965,94
oltorf,benwhite,1496568341,1496568364,23
oltorf,benwhite,1496592596,1496592687,91
oltorf,benwhite,1496618172,1496618273,101
oltorf,benwhite,1496606784,1496606806,22
oltorf,benwhite,1496601918,1496602079,161
oltorf,benwhite,1496618372,1496618483,111
oltorf,benwhite,1496609837,1496609871,34
oltorf,benwhite,1496584758,1496584910,152
oltorf,benwhite,1496618458,1496618569,111
oltorf,benwhite,1496575921,1496576017,96
oltorf,benwhite,1496575406,1496575554,148
oltorf,benwhite,1496585211,1496585221,10
oltorf,benwhite,1496607905,1496608062,157
oltorf,benwhite,1496585353,1496585359,6
oltorf,benwhite,1496602564,1496602722,158
oltorf,benwhite,1496615412,1496615589,177
oltorf,benwhite,1496572907,1496573012,105
oltorf,benwhite,1496612226,1496612387,161
oltorf,benwhite,1496580962,1496581160,198
oltorf,benwhite,1496580841,1496580987,146
oltorf,benwhite,1496594165,1496594190,25
oltorf,benwhite,1496585221,1496585345,124
oltorf,benwhite,1496570304,1496570310,6
oltorf,benwhite,1496573629,1496573740,111
oltorf,benwhite,1496591523,1496591720,197
oltorf,benwhite,1496570284,1496570434,150
oltorf,benwhite,1496592212,1496592238,26
oltorf,benwhite,1496599075,1496599099,24
oltorf,benwhite,1496607146,1496607239,93
oltorf,benwhite,1496589434,1496589482,48
oltorf,benwhite,1496605687,1496605753,66
oltorf,benwhite,1496617758,1496617783,25
oltorf,benwhite,1496617452,1496617600,148
oltorf,benwhite,1496598983,1496599069,86
oltorf,benwhite,1496616396,1496616419,23
oltorf,benwhite,1496600527,1496600694,167
oltorf,benwhite,1496570596,1496570618,22
oltorf,benwhite,1496576448,1496576611,163
oltorf,benwhite,1496575487,1496575550,63
oltorf,benwhite,1496575638,1496575730,92
oltorf,benwhite,1496604443,1496604511,68
oltorf,benwhite,1496582994,1496582999,5
oltorf,benwhite,1496592901,1496592907,6
oltorf,benwhite,1496585487,1496585675,188
oltorf,benwhite,1496582844,1496582958,114
oltorf,benwhite,1496572923,1496573091,168
oltorf,benwhite,1496588712,1496588830,118
oltorf,benwhite,1496612988,1496613164,176
oltorf,benwhite,1496603694,1496603712,18
oltorf,benwhite,1496587764,1496587789,25
oltorf,benwhite,1496581131,1496581257,126
oltorf,benwhite,1496617309,1496617360,51
oltorf,benwhite,1496615516,1496615687,171
oltorf,benwhite,1496590711,1496590910,199
oltorf,benwhite,1496592834,1496592868,34
oltorf,benwhite,1496590901,1496590904,3
oltorf,benwhite,1496584759,1496584776,17
oltorf,benwhite,1496614821,1496615019,198
oltorf,benwhite,1496572968,1496573058,90
oltorf,benwhite,1496585201,1496585292,91
oltorf,benwhite,1496570472,1496570565,93
oltorf,benwhite,1496604209,1496604270,61
oltorf,benwhite,1496593367,1496593368,1
oltorf,benwhite,1496602129,1496602243,114
oltorf,benwhite,1496591686,1496591863,177
oltorf,benwhite,1496610387,1496610464,77
oltorf,benwhite,1496581990,1496582116,126
oltorf,benwhite,1496596410,1496596605,195
oltorf,benwhite,1496571422,1496571598,176
oltorf,benwhite,1496613929,1496614041,112
oltorf,benwhite,1496613856,1496613869,13
oltorf,benwhite,1496578853,1496578896,43
oltorf,benwhite,1496595816,1496595933,117
oltorf,benwhite,1496571513,1496571518,5
oltorf,benwhite,1496587001,1496587072,71
oltorf,benwhite,1496599997,1496600190,193
oltorf,benwhite,1496607902,1496607999,97
oltorf,benwhite,1496573209,1496573312,103
oltorf,benwhite,1496577161,1496577240,79
oltorf,benwhite,1496614489,1496614637,148
oltorf,benwhite,1496609537,1496609734,197
oltorf,benwhite,1496591725,1496591761,36
oltorf,benwhite,1496582876,1496582956,80
oltorf,benwhite,1496605753,1496605910,157
oltorf,benwhite,1496572535,1496572616,81
oltorf,benwhite,1496586734,1496586839,105
oltorf,benwhite,1496577204,1496577316,112
oltorf,benwhite,1496585956,1496585990,34
oltorf,benwhite,1496578199,1496578286,87
oltorf,benwhite,1496611191,1496611386,195
oltorf,benwhite,1496571356,1496571540,184
oltorf,benwhite,1496578163,1496578272,109
oltorf,benwhite,1496604056,1496604182,126
oltorf,benwhite,1496601532,1496601692,160
oltorf,benwhite,1496575278,1496575454,176
oltorf,benwhite,1496598503,1496598585,82
oltorf,benwhite,1496579343,1496579524,181
oltorf,benwhite,1496617640,1496617796,156
oltorf,benwhite,1496584436,1496584578,142
oltorf,benwhite,1496612706,1496612713,7
oltorf,benwhite,1496582406,1496582564,158
oltorf,benwhite,1496572214,1496572263,49
oltorf,benwhite,1496601884,1496601973,89
oltorf,benwhite,1496607855,1496607860,5
oltorf,benwhite,1496611913,1496611935,22
oltorf,benwhite,1496577017,1496577040,23
oltorf,benwhite,1496587782,1496587786,4
oltorf,benwhite,1496599830,1496599927,97
oltorf,benwhite,1496596906,1496596910,4
oltorf,benwhite,1496575444,1496575608,164
oltorf,benwhite,1496580171,1496580361,190
oltorf,benwhite,1496595298,1496595404,106
oltorf,benwhite,1496616365,1496616422,57
oltorf,benwhite,1496583565,1496583639,74
oltorf,benwhite,1496574394,1496574434,40
oltorf,benwhite,1496600484,1496600611,127
oltorf,benwhite,1496614453,1496614647,194
oltorf,benwhite,1496568454,1496568563,109
oltorf,benwhite,1496587996,1496588002,6
oltorf,benwhite,1496599724,1496599893,169
oltorf,benwhite,1496575323,1496575499,176
oltorf,benwhite,1496586738,1496586815,77
oltorf,benwhite,1496572650,1496572815,165
oltorf,benwhite,1496590128,1496590249,121
oltorf,benwhite,1496606907,1496606986,79
oltorf,benwhite,1496589755,1496589772,17
oltorf,benwhite,1496576380,1496576408,28
oltorf,benwhite,1496569962,1496570156,194
oltorf,benwhite,1496578882,1496578895,13
oltorf,benwhite,1496602440,1496602465,25
oltorf,benwhite,1496597588,1496597649,61
oltorf,benwhite,1496598494,1496598589,95
oltorf,benwhite,1496616951,1496617022,71
oltorf,benwhite,1496617643,1496617806,163
oltorf,benwhite,1496578912,1496579029,117
oltorf,benwhite,1496600307,1496600488,181
oltorf,benwhite,1496602856,1496602919,63
oltorf,benwhite,1496601663,1496601833,170
oltorf,benwhite,1496588516,1496588647,131
oltorf,benwhite,1496574958,1496575149,191
oltorf,benwhite,1496604346,1496604395,49
oltorf,benwhite,1496580306,1496580400,94
oltorf,benwhite,1496617514,1496617669,155
oltorf,benwhite,1496607700,1496607818,118
oltorf,benwhite,1496579633,1496579755,122
oltorf,benwhite,1496569046,1496569237,191
oltorf,benwhite,1496595523,1496595528,5
oltorf,benwhite,1496611070,1496611157,87
oltorf,benwhite,1496599364,1496599550,186
oltorf,benwhite,1496617702,1496617855,153
oltorf,benwhite,1496572591,1496572611,20
oltorf,benwhite,1496586071,1496586117,46
oltorf,benwhite,1496600785,1496600981,196
oltorf,benwhite,1496581541,1496581638,97
oltorf,benwhite,1496594758,1496594897,139
oltorf,benwhite,1496602187,1496602278,91
oltorf,benwhite,1496569504,1496569673,169
oltorf,benwhite,1496598186,1496598357,171
oltorf,benwhite,1496583575,1496583682,107
oltorf,benwhite,1496593932,1496594047,115
oltorf,benwhite,1496587207,1496587296,89
oltorf,benwhite,1496606741,1496606851,110
oltorf,benwhite,1496604720,1496604837,117
oltorf,benwhite,1496596655,1496596820,165
oltorf,benwhite,1496611121,1496611274,153
oltorf,benwhite,1496611104,1496611239,135
oltorf,benwhite,1496584906,1496585032,126
oltorf,benwhite,1496574010,1496574011,1
oltorf,benwhite,1496617835,1496617922,87
oltorf,benwhite,1496602824,1496602916,92
oltorf,benwhite,1496602713,1496602848,135
oltorf,benwhite,1496599001,1496599060,59
oltorf,benwhite,1496595522,1496595621,99
oltorf,benwhite,1496617861,1496617988,127
oltorf,benwhite,1496590119,1496590232,113
oltorf,benwhite,1496602454,1496602594,140
oltorf,benwhite,1496576817,1496576913,96
oltorf,benwhite,1496583491,1496583583,92
oltorf,benwhite,1496574733,1496574775,42
oltorf,benwhite,1496580132,1496580254,122
oltorf,benwhite,1496590243,1496590371,128
oltorf,benwhite,1496570053,1496570246,193
oltorf,benwhite,1496606112,1496606275,163
oltorf,benwhite,1496604503,1496604576,73
oltorf,benwhite,1496583745,1496583937,192
oltorf,benwhite,1496583931,1496584106,175
oltorf,benwhite,1496601272,1496601412,140
oltorf,benwhite,1496608516,1496608537,21
oltorf,benwhite,1496593592,1496593706,114
oltorf,benwhite,1496604449,1496604590,141
oltorf,benwhite,1496616815,1496616913,98
oltorf,benwhite,1496608741,1496608838,97
oltorf,benwhite,1496588952,1496589098,146
oltorf,benwhite,1496591889,1496591916,27
oltorf,benwhite,1496575762,1496575777,15
oltorf,benwhite,1496593422,1496593484,62
oltorf,benwhite,1496569176,1496569265,89
oltorf,benwhite,1496568714,1496568794,80
oltorf,benwhite,1496606232,1496606334,102
oltorf,benwhite,1496597512,1496597613,101
oltorf,benwhite,1496577068,1496577094,26
oltorf,benwhite,1496592951,1496593102,151
oltorf,benwhite,1496610960,1496611143,183
oltorf,benwhite,1496591085,1496591198,113
oltorf,benwhite,1496576295,1496576466,171
oltorf,benwhite,1496601148,1496601198,50
oltorf,benwhite,1496603205,1496603291,86
oltorf,benwhite,1496570824,1496571022,198
oltorf,benwhite,1496584870,1496585007,137
oltorf,benwhite,1496596712,1496596750,38
oltorf,benwhite,1496606133,1496606151,18
oltorf,benwhite,1496583026,1496583215,189
oltorf,benwhite,1496584568,1496584578,10
oltorf,benwhite,1496578643,1496578726,83
oltorf,benwhite,1496568484,1496568670,186
oltorf,benwhite,1496585706,1496585776,70
oltorf,benwhite,1496615355,1496615367,12
oltorf,benwhite,1496575935,1496576114,179
oltorf,benwhite,1496587614,1496587788,174
oltorf,benwhite,1496588875,1496589044,169
oltorf,benwhite,1496571125,1496571295,170
oltorf,benwhite,1496601206,1496601363,157
oltorf,benwhite,1496585887,1496585931,44
oltorf,benwhite,1496617533,1496617698,165
oltorf,benwhite,1496609750,1496609912,162
oltorf,benwhite,1496581610,1496581722,112
oltorf,benwhite,1496594278,1496594333,55
oltorf,benwhite,1496595149,1496595243,94
oltorf,benwhite,1496583419,1496583478,59
oltorf,benwhite,1496609939,1496610012,73
oltorf,benwhite,1496568307,1496568366,59
oltorf,benwhite,1496599770,1496599850,80
oltorf,benwhite,1496585884,1496586066,182
oltorf,benwhite,1496570672,1496570800,128
oltorf,benwhite,1496615152,1496615295,143
oltorf,benwhite,1496606806,1496606946,140
oltorf,benwhite,1496593588,1496593654,66
oltorf,benwhite,1496574238,1496574436,198
oltorf,benwhite,1496608124,1496608150,26
oltorf,benwhite,1496609863,1496609972,109
oltorf,benwhite,1496594515,1496594658,143
oltorf,benwhite,1496602845,1496602954,109
oltorf,benwhite,1496583714,1496583731,17
oltorf,benwhite,1496584740,1496584878,138
oltorf,benwhite,1496586926,1496587093,167
oltorf,benwhite,1496603134,1496603181,47
oltorf,benwhite,1496603306,1496603476,170
oltorf,benwhite,1496568925,1496568952,27
oltorf,benwhite,1496581968,1496582131,163
oltorf,benwhite,1496599317,1496599403,86
oltorf,benwhite,1496598540,1496598659,119
oltorf,benwhite,1496568867,1496569034,167
oltorf,benwhite,1496591364,1496591427,63
oltorf,benwhite,1496572012,1496572043,31
oltorf,benwhite,1496596689,1496596882,193
oltorf,benwhite,1496617961,1496618003,42
oltorf,benwhite,1496579116,1496579133,17
oltorf,benwhite,1496608122,1496608208,86
oltorf,benwhite,1496599071,1496599171,100
oltorf,benwhite,1496593606,1496593669,63
oltorf,benwhite,1496587420,1496587499,79
oltorf,benwhite,1496603653,1496603724,71
oltorf,benwhite,1496583931,1496584039,108
oltorf,benwhite,1496581978,1496582142,164
oltorf,benwhite,1496590511,1496590628,117
oltorf,benwhite,1496606202,1496606283,81
oltorf,benwhite,1496572025,1496572181,156
oltorf,benwhite,1496599285,1496599452,167
oltorf,benwhite,1496584439,1496584629,190
oltorf,benwhite,1496613239,1496613416,177
oltorf,benwhite,1496603303,1496603324,21
oltorf,benwhite,1496598228,1496598343,115
oltorf,benwhite,1496607427,1496607448,21
oltorf,benwhite,1496583314,1496583339,25
oltorf,benwhite,1496582788,1496582823,35
oltorf,benwhite,1496593930,1496593985,55
oltorf,benwhite,1496616106,1496616201,95
oltorf,benwhite,1496613549,1496613651,102
oltorf,benwhite,1496604985,1496605120,135
oltorf,benwhite,1496597400,1496597572,172
oltorf,benwhite,1496584644,1496584646,2
oltorf,benwhite,1496599704,1496599871,167
oltorf,benwhite,1496581704,1496581818,114
oltorf,benwhite,1496568164,1496568199,35
oltorf,benwhite,1496590860,1496590893,33
oltorf,benwhite,1496603059,1496603158,99
oltorf,benwhite,1496599878,1496599919,41
oltorf,benwhite,1496597964,1496598028,64
oltorf,benwhite,1496602036,1496602120,84
oltorf,benwhite,1496596168,1496596298,130
oltorf,benwhite,1496599947,1496600064,117
oltorf,benwhite,1496599198,1496599347,149
oltorf,benwhite,1496581599,1496581602,3
oltorf,benwhite,1496581347,1496581350,3
oltorf,benwhite,1496611398,1496611460,62
oltorf,benwhite,1496594598,1496594702,104
oltorf,benwhite,1496590028,1496590193,165
oltorf,benwhite,1496602553,1496602623,70
oltorf,benwhite,1496582608,1496582643,35
oltorf,benwhite,1496581728,1496581884,156
oltorf,benwhite,1496579129,1496579190,61
oltorf,benwhite,1496589663,1496589794,131
oltorf,benwhite,1496576397,1496576503,106
oltorf,benwhite,1496611257,1496611260,3
oltorf,benwhite,1496575335,1496575399,64
oltorf,benwhite,1496592386,1496592549,163
oltorf,benwhite,1496571377,1496571449,72
oltorf,benwhite,1496591338,1496591396,58
oltorf,benwhite,1496585586,1496585620,34
oltorf,benwhite,1496604326,1496604507,181
oltorf,benwhite,1496591447,1496591542,95
oltorf,benwhite,1496609528,1496609708,180
oltorf,benwhite,1496603863,1496604029,166
oltorf,benwhite,1496607606,1496607652,46
oltorf,benwhite,1496568664,1496568761,97
oltorf,benwhite,1496574772,1496574891,119
oltorf,benwhite,1496593260,1496593396,136
oltorf,benwhite,1496607133,1496607189,56
oltorf,benwhite,1496597861,1496597927,66
oltorf,benwhite,1496589967,1496589984,17
oltorf,benwhite,1496582361,1496582390,29
oltorf,benwhite,1496599180,1496599185,5
oltorf,benwhite,1496585238,1496585321,83
oltorf,benwhite,1496569103,1496569184,81
oltorf,benwhite,1496613319,1496613368,49
oltorf,benwhite,1496599709,1496599840,131
oltorf,benwhite,1496578060,1496578191,131
oltorf,benwhite,1496609069,1496609093,24
oltorf,benwhite,1496585471,1496585546,75
oltorf,benwhite,1496612085,1496612258,173
oltorf,benwhite,1496604857,1496604906,49
oltorf,benwhite,1496607816,1496607862,46
oltorf,benwhite,1496591854,1496591872,18
oltorf,benwhite,1496568682,1496568856,174
oltorf,benwhite,1496615849,1496615974,125
oltorf,benwhite,1496603775,1496603790,15
oltorf,benwhite,1496570198,1496570291,93
oltorf,benwhite,1496599964,1496600068,104
oltorf,benwhite,1496591294,1496591405,111
oltorf,benwhite,1496589340,1496589403,63
oltorf,benwhite,1496610073,1496610154,81
oltorf,benwhite,1496615957,1496616064,107
oltorf,benwhite,1496600090,1496600226,136
oltorf,benwhite,1496588857,1496589001,144
oltorf,benwhite,1496594331,1496594453,122
oltorf,benwhite,1496587910,1496587987,77
oltorf,benwhite,1496573631,1496573700,69
oltorf,benwhite,1496577830,1496577835,5
oltorf,benwhite,1496615967,1496616148,181
oltorf,benwhite,1496587966,1496587969,3
oltorf,benwhite,1496593772,1496593883,111
oltorf,benwhite,1496602063,1496602185,122
oltorf,benwhite,1496593578,1496593634,56
oltorf,benwhite,1496605121,1496605204,83
oltorf,benwhite,1496580015,1496580163,148
oltorf,benwhite,1496604129,1496604284,155
oltorf,benwhite,1496590424,1496590462,38
oltorf,benwhite,1496601507,1496601652,145
oltorf,benwhite,1496585998,1496586153,155
oltorf,benwhite,1496586266,1496586405,139
oltorf,benwhite,1496569374,1496569409,35
oltorf,benwhite,1496613726,1496613810,84
oltorf,benwhite,1496602100,1496602297,197
oltorf,benwhite,1496602698,1496602878,180
oltorf,benwhite,1496573470,1496573475,5
oltorf,benwhite,1496610909,1496611042,133
oltorf,benwhite,1496594452,1496594537,85
oltorf,benwhite,1496574097,1496574262,165
oltorf,benwhite,1496586904,1496587092,188
oltorf,benwhite,1496605000,1496605164,164
oltorf,benwhite,1496573452,1496573542,90
oltorf,benwhite,1496568778,1496568852,74
oltorf,benwhite,1496618170,1496618256,86
oltorf,benwhite,1496596371,1496596497,126
oltorf,benwhite,1496601431,1496601467,36
oltorf,benwhite,1496599983,1496600000,17
oltorf,benwhite,1496610317,1496610332,15
oltorf,benwhite,1496591080,1496591151,71
oltorf,benwhite,1496612297,1496612408,111
oltorf,benwhite,1496607165,1496607203,38
oltorf,benwhite,1496569076,1496569180,104
oltorf,benwhite,1496587618,1496587729,111
oltorf,benwhite,1496583599,1496583673,74
oltorf,benwhite,1496600271,1496600295,24
oltorf,benwhite,1496601583,1496601701,118
oltorf,benwhite,1496576900,1496576981,81
oltorf,benwhite,1496590885,1496590906,21
oltorf,benwhite,1496583772,1496583968,196
oltorf,benwhite,1496598677,1496598868,191
oltorf,benwhite,1496568638,1496568788,150
oltorf,benwhite,1496594815,1496594908,93
oltorf,benwhite,1496599166,1496599331,165
oltorf,benwhite,1496571316,1496571435,119
oltorf,benwhite,1496599321,1496599322,1
oltorf,benwhite,1496618366,1496618530,164
oltorf,benwhite,1496575454,1496575486,32
oltorf,benwhite,1496583831,1496583971,140
oltorf,benwhite,1496576328,1496576344,16
oltorf,benwhite,1496586259,1496586380,121
oltorf,benwhite,1496589309,1496589324,15
oltorf,benwhite,1496607375,1496607456,81
oltorf,benwhite,1496602770,1496602898,128
oltorf,benwhite,1496616197,1496616290,93
oltorf,benwhite,1496598868,1496598934,66
oltorf,benwhite,1496576529,1496576624,95
oltorf,benwhite,1496577976,1496578084,108
oltorf,benwhite,1496612268,1496612311,43
oltorf,benwhite,1496577883,1496578082,199
oltorf,benwhite,1496601841,1496601947,106
oltorf,benwhite,1496616200,1496616282,82
oltorf,benwhite,1496582120,1496582196,76
oltorf,benwhite,1496608818,1496608878,60
oltorf,benwhite,1496597072,1496597111,39
oltorf,benwhite,1496587427,1496587448,21
oltorf,benwhite,1496577183,1496577366,183
oltorf,benwhite,1496585218,1496585386,168
oltorf,benwhite,1496613145,1496613197,52
oltorf,benwhite,1496616979,1496617095,116
oltorf,benwhite,1496594383,1496594501,118
oltorf,benwhite,1496588540,1496588639,99
oltorf,benwhite,1496568304,1496568447,143
oltorf,benwhite,1496595715,1496595811,96
oltorf,benwhite,1496618138,1496618302,164
oltorf,benwhite,1496571709,1496571757,48
oltorf,benwhite,1496607495,1496607503,8
oltorf,benwhite,1496613965,1496614098,133
oltorf,benwhite,1496616117,1496616217,100
oltorf,benwhite,1496595996,1496596073,77
oltorf,benwhite,1496589547,1496589727,180
oltorf,benwhite,1496592975,1496593167,192
oltorf,benwhite,1496581652,1496581782,130
oltorf,benwhite,1496599323,1496599350,27
oltorf,benwhite,1496606301,1496606491,190
oltorf,benwhite,1496613875,1496613944,69
oltorf,benwhite,1496614552,1496614569,17
oltorf,benwhite,1496593569,1496593673,104
oltorf,benwhite,1496598279,1496598318,39
oltorf,benwhite,1496604886,1496604996,110
oltorf,benwhite,1496583913,1496583929,16
oltorf,benwhite,1496568403,1496568451,48
oltorf,benwhite,1496607881,1496608015,134
oltorf,benwhite,1496583594,1496583647,53
oltorf,benwhite,1496586821,1496586918,97
oltorf,benwhite,1496592182,1496592366,184
oltorf,benwhite,1496608266,1496608309,43
oltorf,benwhite,1496595497,1496595689,192
oltorf,benwhite,1496586219,1496586369,150
oltorf,benwhite,1496581263,1496581377,114
oltorf,benwhite,1496581881,1496582073,192
oltorf,benwhite,1496583240,1496583334,94
oltorf,benwhite,1496584173,1496584314,141
oltorf,benwhite,1496568598,1496568603,5
oltorf,benwhite,1496577055,1496577104,49
oltorf,benwhite,1496569123,1496569289,166
oltorf,benwhite,1496608426,1496608574,148
oltorf,benwhite,1496596451,1496596460,9
oltorf,benwhite,1496601246,1496601428,182
oltorf,benwhite,1496598215,1496598374,159
oltorf,benwhite,1496595349,1496595532,183
oltorf,benwhite,1496594957,1496595148,191
oltorf,benwhite,1496572016,1496572032,16
oltorf,benwhite,1496599777,1496599869,92
oltorf,benwhite,1496593316,1496593374,58
oltorf,benwhite,1496595063,1496595218,155
oltorf,benwhite,1496599041,1496599227,186
oltorf,benwhite,1496593648,1496593798,150
oltorf,benwhite,1496592122,1496592270,148
oltorf,benwhite,1496576172,1496576230,58
oltorf,benwhite,1496593281,1496593454,173
oltorf,benwhite,1496581466,1496581512,46
oltorf,benwhite,1496593400,1496593431,31
oltorf,benwhite,1496601673,1496601695,22
oltorf,benwhite,1496578221,1496578372,151
oltorf,benwhite,1496576354,1496576509,155
oltorf,benwhite,1496613333,1496613376,43
oltorf,benwhite,1496603764,1496603833,69
oltorf,benwhite,1496594737,1496594796,59
oltorf,benwhite,1496568131,1496568132,1
oltorf,benwhite,1496578241,1496578263,22
oltorf,benwhite,1496616746,1496616876,130
oltorf,benwhite,1496614577,1496614730,153
oltorf,benwhite,1496600669,1496600708,39
oltorf,benwhite,1496599480,1496599527,47
oltorf,benwhite,1496610992,1496611033,41
oltorf,benwhite,1496578964,1496579080,116
oltorf,benwhite,1496588386,1496588422,36
oltorf,benwhite,1496568585,1496568714,129
oltorf,benwhite,1496571730,1496571804,74
oltorf,benwhite,1496575787,1496575829,42
oltorf,benwhite,1496604231,1496604317,86
oltorf,benwhite,1496582491,1496582540,49
oltorf,benwhite,1496594938,1496594943,5
oltorf,benwhite,1496610347,1496610435,88
oltorf,benwhite,1496604906,1496604945,39
oltorf,benwhite,1496582743,1496582786,43
oltorf,benwhite,1496588388,1496588566,178
oltorf,benwhite,1496598289,1496598362,73
oltorf,benwhite,1496592723,1496592753,30
oltorf,benwhite,1496608039,1496608110,71
oltorf,benwhite,1496602140,1496602264,124
oltorf,benwhite,1496571970,1496572135,165
oltorf,benwhite,1496571958,1496572016,58
oltorf,benwhite,1496587938,1496588112,174
oltorf,benwhite,1496593986,1496594112,126
oltorf,benwhite,1496607825,1496607863,38
oltorf,benwhite,1496600778,1496600955,177
oltorf,benwhite,1496590663,1496590722,59
oltorf,benwhite,1496588091,1496588208,117
oltorf,benwhite,1496573114,1496573182,68
oltorf,benwhite,1496573977,1496574129,152
oltorf,benwhite,1496575440,1496575533,93
oltorf,benwhite,1496602839,1496603021,182
oltorf,benwhite,1496595331,1496595377,46
oltorf,benwhite,1496591936,1496592066,130
oltorf,benwhite,1496590863,1496591039,176
oltorf,benwhite,1496609054,1496609128,74
oltorf,benwhite,1496587948,1496588034,86
oltorf,benwhite,1496594684,1496594758,74
oltorf,benwhite,1496568565,1496568613,48
oltorf,benwhite,1496568485,1496568565,80
oltorf,benwhite,1496618391,1496618415,24
oltorf,benwhite,1496594905,1496594999,94
oltorf,benwhite,1496593758,1496593907,149
oltorf,benwhite,1496607150,1496607290,140
oltorf,benwhite,1496608374,1496608472,98
oltorf,benwhite,1496568951,1496569112,161
oltorf,benwhite,1496601272,1496601385,113
oltorf,benwhite,1496590302,1496590349,47
oltorf,benwhite,1496587790,1496587930,140
oltorf,benwhite,1496603812,1496603833,21
oltorf,benwhite,1496588292,1496588299,7
oltorf,benwhite,1496584671,1496584683,12
oltorf,benwhite,1496570405,1496570476,71
oltorf,benwhite,1496585488,1496585498,10
oltorf,benwhite,1496580010,1496580142,132
oltorf,benwhite,1496572666,1496572853,187
oltorf,benwhite,1496591063,1496591229,166
oltorf,benwhite,1496602783,1496602869,86
oltorf,benwhite,1496609333,1496609507,174
oltorf,benwhite,1496588325,1496588392,67
oltorf,benwhite,1496601933,1496602022,89
oltorf,benwhite,1496577161,1496577264,103
oltorf,benwhite,1496618240,1496618382,142
oltorf,benwhite,1496576918,1496576959,41
oltorf,benwhite,1496586119,1496586194,75
oltorf,benwhite,1496598470,1496598483,13
oltorf,benwhite,1496609485,1496609675,190
oltorf,benwhite,1496610099,1496610246,147
oltorf,benwhite,1496586520,1496586584,64
oltorf,benwhite,1496610059,1496610166,107
oltorf,benwhite,1496580591,1496580681,90
oltorf,benwhite,1496586497,1496586551,54
oltorf,benwhite,1496604578,1496604640,62
oltorf,benwhite,1496593054,1496593224,170
oltorf,benwhite,1496581941,1496582123,182
oltorf,benwhite,1496601186,1496601213,27
oltorf,benwhite,1496604922,1496604974,52
oltorf,benwhite,1496580799,1496580971,172
oltorf,benwhite,1496607878,1496608004,126
oltorf,benwhite,1496583048,1496583116,68
oltorf,benwhite,1496587078,1496587131,53
oltorf,benwhite,1496578107,1496578286,179
oltorf,benwhite,1496580411,1496580413,2
oltorf,benwhite,1496608134,1496608216,82
oltorf,benwhite,1496589481,1496589526,45
oltorf,benwhite,1496574376,1496574407,31
oltorf,benwhite,1496576865,1496576954,89
oltorf,benwhite,1496592392,1496592578,186
oltorf,benwhite,1496605850,1496605970,120
oltorf,benwhite,1496614009,1496614097,88
oltorf,benwhite,1496613157,1496613257,100
oltorf,benwhite,1496615542,1496615713,171
oltorf,benwhite,1496578276,1496578360,84
oltorf,benwhite,1496583083,1496583187,104
oltorf,benwhite,1496595900,1496596084,184
oltorf,benwhite,1496576993,1496577167,174
oltorf,benwhite,1496606772,1496606882,110
oltorf,benwhite,1496583585,1496583603,18
oltorf,benwhite,1496580981,1496581038,57
oltorf,benwhite,1496587434,1496587629,195
oltorf,benwhite,1496615369,1496615393,24
oltorf,benwhite,1496588373,1496588550,177
oltorf,benwhite,1496577626,1496577756,130
oltorf,benwhite,1496581465,1496581617,152
oltorf,benwhite,1496606364,1496606536,172
oltorf,benwhite,1496598700,1496598874,174
oltorf,benwhite,1496576688,1496576862,174
oltorf,benwhite,1496610118,1496610266,148
oltorf,benwhite,1496576521,1496576560,39
oltorf,benwhite,1496576330,1496576514,184
oltorf,benwhite,1496569881,1496569995,114
oltorf,benwhite,1496578262,1496578412,150
oltorf,benwhite,1496601281,1496601313,32
oltorf,benwhite,1496615729,1496615853,124
oltorf,benwhite,1496574547,1496574560,13
oltorf,benwhite,1496593807,1496593938,131
oltorf,benwhite,1496614565,1496614665,100
oltorf,benwhite,1496575392,1496575541,149
oltorf,benwhite,1496608748,1496608809,61
oltorf,benwhite,1496598690,1496598788,98
oltorf,benwhite,1496589562,1496589682,120
oltorf,benwhite,1496578214,1496578274,60
oltorf,benwhite,1496593129,1496593294,165
oltorf,benwhite,1496597890,1496597969,79
oltorf,benwhite,1496578889,1496578974,85
oltorf,benwhite,1496612827,1496612949,122
oltorf,benwhite,1496576661,1496576788,127
oltorf,benwhite,1496615535,1496615562,27
oltorf,benwhite,1496603922,1496604008,86
oltorf,benwhite,1496592410,1496592452,42
oltorf,benwhite,1496613180,1496613369,189
oltorf,benwhite,1496602837,1496602885,48
oltorf,benwhite,1496575943,1496576033,90
oltorf,benwhite,1496595412,1496595417,5
oltorf,benwhite,1496589885,1496589986,101
oltorf,benwhite,1496614173,1496614214,41
oltorf,benwhite,1496594234,1496594289,55
oltorf,benwhite,1496600953,1496601069,116
oltorf,benwhite,1496571099,1496571181,82
oltorf,benwhite,1496593765,1496593806,41
oltorf,benwhite,1496581668,1496581787,119
oltorf,benwhite,1496598192,1496598229,37
oltorf,benwhite,1496600516,1496600581,65
oltorf,benwhite,1496578053,1496578097,44
oltorf,benwhite,1496617555,1496617681,126
oltorf,benwhite,1496592756,1496592869,113
oltorf,benwhite,1496576245,1496576379,134
oltorf,benwhite,1496592008,1496592089,81
oltorf,benwhite,1496587440,1496587512,72
oltorf,benwhite,1496582228,1496582262,34
oltorf,benwhite,1496582035,1496582066,31
oltorf,benwhite,1496572897,1496572935,38
oltorf,benwhite,1496581194,1496581362,168
oltorf,benwhite,1496594731,1496594910,179
oltorf,benwhite,1496616238,1496616392,154
oltorf,benwhite,1496590270,1496590309,39
oltorf,benwhite,1496618065,1496618178,113
oltorf,benwhite,1496570785,1496570786,1
oltorf,benwhite,1496606021,1496606135,114
oltorf,benwhite,1496604738,1496604927,189
oltorf,benwhite,1496579338,1496579347,9
oltorf,benwhite,1496595891,1496595918,27
oltorf,benwhite,1496612575,1496612597,22
oltorf,benwhite,1496605966,1496606156,190
oltorf,benwhite,1496577658,1496577666,8
oltorf,benwhite,1496598055,1496598204,149
oltorf,benwhite,1496581061,1496581255,194
oltorf,benwhite,1496581972,1496582103,131
oltorf,benwhite,1496598192,1496598267,75
oltorf,benwhite,1496577039,1496577218,179
oltorf,benwhite,1496574097,1496574133,36
oltorf,benwhite,1496613819,1496613955,136
oltorf,benwhite,1496616204,1496616297,93
oltorf,benwhite,1496588479,1496588601,122
oltorf,benwhite,1496580088,1496580182,94
oltorf,benwhite,1496607528,1496607540,12
oltorf,benwhite,1496586516,1496586610,94
oltorf,benwhite,1496602902,1496602958,56
oltorf,benwhite,1496599029,1496599099,70
oltorf,benwhite,1496597331,1496597445,114
oltorf,benwhite,1496588927,1496589043,116
oltorf,benwhite,1496613831,1496613854,23
oltorf,benwhite,1496569107,1496569299,192
oltorf,benwhite,1496574984,1496575066,82
oltorf,benwhite,1496615776,1496615873,97
oltorf,benwhite,1496615588,1496615649,61
oltorf,benwhite,1496594148,1496594252,104
oltorf,benwhite,1496585776,1496585915,139
oltorf,benwhite,1496592654,1496592700,46
oltorf,benwhite,1496591548,1496591640,92
oltorf,benwhite,1496606200,1496606269,69
oltorf,benwhite,1496613116,1496613183,67
oltorf,benwhite,1496598119,1496598195,76
oltorf,benwhite,1496577032,1496577145,113
oltorf,benwhite,1496575910,1496576028,118
oltorf,benwhite,1496591265,1496591279,14
oltorf,benwhite,1496613477,1496613626,149
oltorf,benwhite,1496601152,1496601297,145
oltorf,benwhite,1496574525,1496574586,61
oltorf,benwhite,1496601844,1496601851,7
oltorf,benwhite,1496588115,1496588263,148
oltorf,benwhite,1496604216,1496604269,53
oltorf,benwhite,1496615307,1496615354,47
oltorf,benwhite,1496577404,1496577463,59
oltorf,benwhite,1496584633,1496584734,101
oltorf,benwhite,1496606344,1496606459,115
oltorf,benwhite,1496594989,1496595134,145
oltorf,benwhite,1496615497,1496615634,137
oltorf,benwhite,1496612408,1496612422,14
oltorf,benwhite,1496608915,1496608973,58
oltorf,benwhite,1496569227,1496569414,187
oltorf,benwhite,1496582568,1496582721,153
oltorf,benwhite,1496577537,1496577679,142
oltorf,benwhite,1496578770,1496578888,118
oltorf,benwhite,1496590588,1496590622,34
oltorf,benwhite,1496602669,1496602719,50
oltorf,benwhite,1496576129,1496576174,45
oltorf,benwhite,1496586137,1496586236,99
oltorf,benwhite,1496596896,1496597004,108
oltorf,benwhite,1496585324,1496585341,17
oltorf,benwhite,1496613513,1496613695,182
oltorf,benwhite,1496605600,1496605715,115
oltorf,benwhite,1496593000,1496593056,56
oltorf,benwhite,1496599464,1496599566,102
oltorf,benwhite,1496600299,1496600481,182
oltorf,benwhite,1496580019,1496580076,57
oltorf,benwhite,1496587999,1496588122,123
oltorf,benwhite,1496572119,1496572232,113
oltorf,benwhite,1496597182,1496597189,7
oltorf,benwhite,1496569526,1496569534,8
oltorf,benwhite,1496593591,1496593718,127
oltorf,benwhite,1496603762,1496603852,90
oltorf,benwhite,1496598282,1496598398,116
oltorf,benwhite,1496615119,1496615312,193
oltorf,benwhite,1496614034,1496614182,148
oltorf,benwhite,1496579771,1496579786,15
oltorf,benwhite,1496592642,1496592758,116
oltorf,benwhite,1496582890,1496583029,139
oltorf,benwhite,1496591101,1496591139,38
oltorf,benwhite,1496610875,1496611004,129
oltorf,benwhite,1496584956,1496584973,17
oltorf,benwhite,1496593383,1496593557,174
oltorf,benwhite,1496612950,1496613092,142
oltorf,benwhite,1496578664,1496578777,113
oltorf,benwhite,1496575155,1496575280,125
oltorf,benwhite,1496617524,1496617622,98
oltorf,benwhite,1496585376,1496585388,12
oltorf,benwhite,1496599050,1496599150,100
oltorf,benwhite,1496616603,1496616797,194
oltorf,benwhite,1496596353,1496596413,60
oltorf,benwhite,1496606232,1496606306,74
oltorf,benwhite,1496616738,1496616865,127
oltorf,benwhite,1496614776,1496614974,198
oltorf,benwhite,1496614931,1496614944,13
oltorf,benwhite,1496611079,1496611080,1
oltorf,benwhite,1496581623,1496581673,50
oltorf,benwhite,1496587403,1496587547,144
oltorf,benwhite,1496592777,1496592835,58
oltorf,benwhite,1496589235,1496589290,55
oltorf,benwhite,1496570382,1496570510,128
oltorf,benwhite,1496611400,1496611529,129
oltorf,benwhite,1496593770,1496593900,130
oltorf,benwhite,1496576478,1496576637,159
oltorf,benwhite,1496577985,1496578025,40
oltorf,benwhite,1496577862,1496577906,44
oltorf,benwhite,1496607654,1496607832,178
oltorf,benwhite,1496607240,1496607357,117
oltorf,benwhite,1496607879,1496607927,48
oltorf,benwhite,1496577100,1496577196,96
oltorf,benwhite,1496575401,1496575448,47
oltorf,benwhite,1496569751,1496569754,3
oltorf,benwhite,1496584710,1496584722,12
oltorf,benwhite,1496582307,1496582326,19
oltorf,benwhite,1496609778,1496609956,178
oltorf,benwhite,1496587022,1496587096,74
oltorf,benwhite,1496576797,1496576806,9
oltorf,benwhite,1496611655,1496611710,55
oltorf,benwhite,1496602864,1496602885,21
oltorf,benwhite,1496611017,1496611157,140
oltorf,benwhite,1496607571,1496607726,155
oltorf,benwhite,1496616626,1496616673,47
oltorf,benwhite,1496610732,1496610766,34
oltorf,benwhite,1496610535,1496610539,4
oltorf,benwhite,1496589464,1496589518,54
oltorf,benwhite,1496595660,1496595848,188
oltorf,benwhite,1496582664,1496582857,193
oltorf,benwhite,1496571932,1496572052,120
oltorf,benwhite,1496599364,1496599480,116
oltorf,benwhite,1496596109,1496596125,16
oltorf,benwhite,1496600458,1496600535,77
oltorf,benwhite,1496572833,1496572963,130
oltorf,benwhite,1496595590,1496595672,82
oltorf,benwhite,1496600637,1496600820,183
oltorf,benwhite,1496568920,1496568937,17
oltorf,benwhite,1496609962,1496610134,172
oltorf,benwhite,1496568568,1496568585,17
oltorf,benwhite,1496568841,1496568868,27
oltorf,benwhite,1496604182,1496604304,122
oltorf,benwhite,1496609299,1496609346,47
oltorf,benwhite,1496607698,1496607882,184
oltorf,benwhite,1496603974,1496604110,136
oltorf,benwhite,1496574224,1496574412,188
oltorf,benwhite,1496577516,1496577559,43
oltorf,benwhite,1496594406,1496594489,83
oltorf,benwhite,1496579509,1496579644,135
oltorf,benwhite,1496580190,1496580250,60
oltorf,benwhite,1496570840,1496570846,6
oltorf,benwhite,1496608779,1496608887,108
oltorf,benwhite,1496598426,1496598485,59
oltorf,benwhite,1496615944,1496616143,199
oltorf,benwhite,1496598419,1496598526,107
oltorf,benwhite,1496595750,1496595807,57
oltorf,benwhite,1496578817,1496579013,196
oltorf,benwhite,1496595897,1496596089,192
oltorf,benwhite,1496602377,1496602547,170
oltorf,benwhite,1496600139,1496600206,67
oltorf,benwhite,1496589567,1496589659,92
oltorf,benwhite,1496571866,1496572034,168
oltorf,benwhite,1496606187,1496606361,174
oltorf,benwhite,1496602559,1496602600,41
oltorf,benwhite,1496582326,1496582497,171
oltorf,benwhite,1496579765,1496579871,106
oltorf,benwhite,1496591305,1496591397,92
oltorf,benwhite,1496592209,1496592362,153
oltorf,benwhite,1496586086,1496586196,110
oltorf,benwhite,1496600096,1496600172,76
oltorf,benwhite,1496596153,1496596265,112
oltorf,benwhite,1496611313,1496611485,172
oltorf,benwhite,1496590310,1496590353,43
oltorf,benwhite,1496602386,1496602566,180
oltorf,benwhite,1496580547,1496580675,128
oltorf,benwhite,1496583133,1496583157,24
oltorf,benwhite,1496602611,1496602733,122
oltorf,benwhite,1496585992,1496586038,46
oltorf,benwhite,1496574977,1496575119,142
oltorf,benwhite,1496600161,1496600308,147
oltorf,benwhite,1496608434,1496608563,129
oltorf,benwhite,1496579589,1496579631,42
oltorf,benwhite,1496611549,1496611607,58
oltorf,benwhite,1496587002,1496587162,160
oltorf,benwhite,1496596773,1496596792,19
oltorf,benwhite,1496587563,1496587640,77
oltorf,benwhite,1496599428,1496599539,111
oltorf,benwhite,1496602047,1496602101,54
oltorf,benwhite,1496615678,1496615778,100
oltorf,benwhite,1496582385,1496582471,86
oltorf,benwhite,1496587185,1496587358,173
oltorf,benwhite,1496589842,1496590033,191
oltorf,benwhite,1496569989,1496570060,71
oltorf,benwhite,1496568267,1496568395,128
oltorf,benwhite,1496616909,1496617023,114
oltorf,benwhite,1496615384,1496615494,110
oltorf,benwhite,1496577145,1496577284,139
oltorf,benwhite,1496585216,1496585324,108
oltorf,benwhite,1496612708,1496612880,172
oltorf,benwhite,1496600660,1496600844,184
oltorf,benwhite,1496582306,1496582482,176
oltorf,benwhite,1496601388,1496601411,23
oltorf,benwhite,1496617409,1496617528,119
oltorf,benwhite,1496579361,1496579375,14
oltorf,benwhite,1496614505,1496614550,45
oltorf,benwhite,1496587753,1496587936,183
oltorf,benwhite,1496581634,1496581681,47
oltorf,benwhite,1496600609,1496600761,152
oltorf,benwhite,1496583132,1496583217,85
oltorf,benwhite,1496595465,1496595598,133
oltorf,benwhite,1496580260,1496580297,37
oltorf,benwhite,1496609869,1496609885,16
oltorf,benwhite,1496593145,1496593323,178
oltorf,benwhite,1496571500,1496571569,69
oltorf,benwhite,1496584733,1496584925,192
oltorf,benwhite,1496605016,1496605149,133
oltorf,benwhite,1496573800,1496573892,92
oltorf,benwhite,1496598651,1496598739,88
oltorf,benwhite,1496582975,1496583089,114
oltorf,benwhite,1496591968,1496592003,35
oltorf,benwhite,1496600276,1496600289,13
oltorf,benwhite,1496579198,1496579329,131
oltorf,benwhite,1496609207,1496609374,167
oltorf,benwhite,1496606002,1496606142,140
oltorf,benwhite,1496572479,1496572566,87
oltorf,benwhite,1496568590,1496568609,19
oltorf,benwhite,1496612347,1496612477,130
oltorf,benwhite,1496588207,1496588284,77
oltorf,benwhite,1496584282,1496584406,124
oltorf,benwhite,1496614278,1496614372,94
oltorf,benwhite,1496573896,1496574024,128
oltorf,benwhite,1496595115,1496595193,78
oltorf,benwhite,1496600589,1496600696,107
oltorf,benwhite,1496605138,1496605139,1
oltorf,benwhite,1496571474,1496571498,24
oltorf,benwhite,1496581280,1496581294,14
oltorf,benwhite,1496590761,1496590878,117
oltorf,benwhite,1496617160,1496617293,133
oltorf,benwhite,1496584504,1496584555,51
oltorf,benwhite,1496597093,1496597198,105
oltorf,benwhite,1496598218,1496598291,73
oltorf,benwhite,1496605870,1496605960,90
oltorf,benwhite,1496617725,1496617838,113
oltorf,benwhite,1496580765,1496580772,7
oltorf,benwhite,1496607230,1496607423,193
oltorf,benwhite,1496599713,1496599887,174
oltorf,benwhite,1496599521,1496599690,169
oltorf,benwhite,1496590169,1496590316,147
oltorf,benwhite,1496611924,1496612095,171
oltorf,benwhite,1496596875,1496596966,91
oltorf,benwhite,1496608050,1496608187,137
oltorf,benwhite,1496570524,1496570606,82
oltorf,benwhite,1496604897,1496605081,184
oltorf,benwhite,1496581738,1496581908,170
oltorf,benwhite,1496600490,1496600501,11
oltorf,benwhite,1496618110,1496618244,134
oltorf,benwhite,1496611042,1496611073,31
oltorf,benwhite,1496589267,1496589289,22
oltorf,benwhite,1496582037,1496582113,76
oltorf,benwhite,1496578298,1496578347,49
oltorf,benwhite,1496602861,1496602918,57
oltorf,benwhite,1496609714,1496609745,31
oltorf,benwhite,1496574589,1496574627,38
oltorf,benwhite,1496602381,1496602457,76
oltorf,benwhite,1496570087,1496570283,196
oltorf,benwhite,1496610405,1496610472,67
oltorf,benwhite,1496594055,1496594055,0
oltorf,benwhite,1496595390,1496595419,29
oltorf,benwhite,1496570123,1496570211,88
oltorf,benwhite,1496612803,1496612860,57
oltorf,benwhite,1496617828,1496617941,113
oltorf,benwhite,1496608100,1496608236,136
oltorf,benwhite,1496580985,1496580988,3
oltorf,benwhite,1496601756,1496601870,114
oltorf,benwhite,1496607635,1496607814,179
oltorf,benwhite,1496595686,1496595786,100
oltorf,benwhite,1496608548,1496608648,100
oltorf,benwhite,1496573096,1496573202,106
oltorf,benwhite,1496594346,1496594377,31
oltorf,benwhite,1496600660,1496600706,46
oltorf,benwhite,1496575587,1496575764,177
oltorf,benwhite,1496613811,1496613957,146
oltorf,benwhite,1496589513,1496589582,69
oltorf,benwhite,1496616467,1496616494,27
oltorf,benwhite,1496577050,1496577193,143
oltorf,benwhite,1496592342,1496592537,195
oltorf,benwhite,1496584643,1496584814,171
oltorf,benwhite,1496575467,1496575518,51
oltorf,benwhite,1496602065,1496602170,105
oltorf,benwhite,1496606888,1496606946,58
oltorf,benwhite,1496615425,1496615433,8
oltorf,benwhite,1496611729,1496611889,160
oltorf,benwhite,1496611605,1496611671,66
oltorf,benwhite,1496605353,1496605472,119
oltorf,benwhite,1496585054,1496585103,49
oltorf,benwhite,1496570362,1496570388,26
oltorf,benwhite,1496605990,1496606167,177
oltorf,benwhite,1496570427,1496570512,85
oltorf,benwhite,1496583012,1496583054,42
oltorf,benwhite,1496607295,1496607324,29
oltorf,benwhite,1496613753,1496613788,35
oltorf,benwhite,1496573133,1496573278,145
oltorf,benwhite,1496586574,1496586606,32
oltorf,benwhite,1496602731,1496602903,172
oltorf,benwhite,1496581097,1496581243,146
oltorf,benwhite,1496589054,1496589075,21
oltorf,benwhite,1496572616,1496572717,101
oltorf,benwhite,1496570735,1496570803,68
oltorf,benwhite,1496608208,1496608288,80
oltorf,benwhite,1496599785,1496599857,72
oltorf,benwhite,1496589858,1496589931,73
oltorf,benwhite,1496599605,1496599737,132
oltorf,benwhite,1496613801,1496613875,74
oltorf,benwhite,1496599597,1496599779,182
oltorf,benwhite,1496580476,1496580550,74
oltorf,benwhite,1496598741,1496598853,112
oltorf,benwhite,1496583980,1496584078,98
oltorf,benwhite,1496591377,1496591537,160
oltorf,benwhite,1496600171,1496600257,86
oltorf,benwhite,1496577996,1496578126,130
oltorf,benwhite,1496601661,1496601702,41
oltorf,benwhite,1496569063,1496569179,116
oltorf,benwhite,1496571426,1496571448,22
oltorf,benwhite,1496605974,1496605994,20
oltorf,benwhite,1496582051,1496582095,44
oltorf,benwhite,1496606642,1496606768,126
oltorf,benwhite,1496615176,1496615184,8
oltorf,benwhite,1496571984,1496572135,151
oltorf,benwhite,1496590973,1496590999,26
oltorf,benwhite,1496588278,1496588327,49
oltorf,benwhite,1496605410,1496605595,185
oltorf,benwhite,1496605060,1496605248,188
oltorf,benwhite,1496574838,1496574962,124
oltorf,benwhite,1496598747,1496598760,13
oltorf,benwhite,1496608123,1496608223,100
oltorf,benwhite,1496578646,1496578708,62
oltorf,benwhite,1496610837,1496610873,36
oltorf,benwhite,1496586433,1496586550,117
oltorf,benwhite,1496610465,1496610541,76
oltorf,benwhite,1496587602,1496587687,85
oltorf,benwhite,1496578672,1496578871,199
oltorf,benwhite,1496610929,1496610990,61
oltorf,benwhite,1496591515,1496591700,185
oltorf,benwhite,1496594373,1496594531,158
oltorf,benwhite,1496596927,1496597123,196
oltorf,benwhite,1496609273,1496609448,175
oltorf,benwhite,1496607733,1496607847,114
oltorf,benwhite,1496610370,1496610420,50
oltorf,benwhite,1496572531,1496572686,155
oltorf,benwhite,1496591693,1496591721,28
oltorf,benwhite,1496586046,1496586169,123
oltorf,benwhite,1496573196,1496573343,147
oltorf,benwhite,1496590127,1496590183,56
oltorf,benwhite,1496613589,1496613745,156
oltorf,benwhite,1496602105,1496602266,161
oltorf,benwhite,1496579256,1496579394,138
oltorf,benwhite,1496588215,1496588330,115
oltorf,benwhite,1496572926,1496573009,83
oltorf,benwhite,1496611642,1496611755,113
oltorf,benwhite,1496570369,1496570382,13
oltorf,benwhite,1496608580,1496608611,31
oltorf,benwhite,1496610187,1496610231,44
oltorf,benwhite,1496577193,1496577203,10
oltorf,benwhite,1496569543,1496569600,57
oltorf,benwhite,1496579796,1496579860,64
oltorf,benwhite,1496598105,1496598288,183
oltorf,benwhite,1496576003,1496576073,70
oltorf,benwhite,1496612013,1496612158,145
oltorf,benwhite,1496589911,1496590009,98
oltorf,benwhite,1496611563,1496611746,183
oltorf,benwhite,1496613519,1496613584,65
oltorf,benwhite,1496614780,1496614901,121
oltorf,benwhite,1496604049,1496604133,84
oltorf,benwhite,1496606155,1496606220,65
oltorf,benwhite,1496586865,1496586997,132
oltorf,benwhite,1496601548,1496601706,158
oltorf,benwhite,1496597644,1496597705,61
oltorf,benwhite,1496571220,1496571383,163
oltorf,benwhite,1496585058,1496585102,44
oltorf,benwhite,1496596472,1496596581,109
oltorf,benwhite,1496572113,1496572298,185
oltorf,benwhite,1496571839,1496571915,76
oltorf,benwhite,1496579520,1496579546,26
oltorf,benwhite,1496582430,1496582540,110
oltorf,benwhite,1496588150,1496588332,182
oltorf,benwhite,1496582946,1496583014,68
oltorf,benwhite,1496607825,1496607897,72
oltorf,benwhite,1496605602,1496605783,181
oltorf,benwhite,1496593495,1496593533,38
oltorf,benwhite,1496606033,1496606188,155
oltorf,benwhite,1496589615,1496589721,106
oltorf,benwhite,1496599514,1496599576,62
oltorf,benwhite,1496616910,1496617027,117
oltorf,benwhite,1496588735,1496588832,97
oltorf,benwhite,1496590197,1496590367,170
oltorf,benwhite,1496614021,1496614185,164
oltorf,benwhite,1496578152,1496578307,155
oltorf,benwhite,1496588932,1496589041,109
oltorf,benwhite,1496611678,1496611877,199
oltorf,benwhite,1496605860,1496605930,70
oltorf,benwhite,1496575954,1496576056,102
oltorf,benwhite,1496570213,1496570244,31
oltorf,benwhite,1496578624,1496578725,101
oltorf,benwhite,1496585243,1496585427,184
oltorf,benwhite,1496584158,1496584259,101
oltorf,benwhite,1496586379,1496586438,59
oltorf,benwhite,1496579563,1496579631,68
oltorf,benwhite,1496587072,1496587136,64
oltorf,benwhite,1496602516,1496602656,140
oltorf,benwhite,1496594914,1496594936,22
oltorf,benwhite,1496584801,1496584881,80
oltorf,benwhite,1496583959,1496584017,58
oltorf,benwhite,1496597703,1496597716,13
oltorf,benwhite,1496615593,1496615630,37
oltorf,benwhite,1496582013,1496582077,64
oltorf,benwhite,1496585260,1496585275,15
oltorf,benwhite,1496583511,1496583643,132
oltorf,benwhite,1496607644,1496607666,22
oltorf,benwhite,1496594527,1496594550,23
oltorf,benwhite,1496601336,1496601364,28
oltorf,benwhite,1496602815,1496602856,41
oltorf,benwhite,1496604330,1496604389,59
oltorf,benwhite,1496603669,1496603749,80
oltorf,benwhite,1496616460,1496616612,152
oltorf,benwhite,1496585749,1496585844,95
oltorf,benwhite,1496568746,1496568859,113
oltorf,benwhite,1496617160,1496617185,25
oltorf,benwhite,1496598576,1496598723,147
oltorf,benwhite,1496611704,1496611727,23
oltorf,benwhite,1496591134,1496591168,34
oltorf,benwhite,1496591679,1496591784,105
oltorf,benwhite,1496586634,1496586657,23
oltorf,benwhite,1496578055,1496578062,7
oltorf,benwhite,1496614836,1496614838,2
oltorf,benwhite,1496612339,1496612461,122
oltorf,benwhite,1496593587,1496593653,66
oltorf,benwhite,1496613089,1496613253,164
oltorf,benwhite,1496612891,1496613020,129
oltorf,benwhite,1496598154,1496598261,107
oltorf,benwhite,1496570145,1496570203,58
oltorf,benwhite,1496570570,1496570664,94
oltorf,benwhite,1496569622,1496569711,89
oltorf,benwhite,1496590092,1496590274,182
oltorf,benwhite,1496605605,1496605653,48
oltorf,benwhite,1496570719,1496570750,31
oltorf,benwhite,1496578075,1496578148,73
oltorf,benwhite,1496583485,1496583651,166
oltorf,benwhite,1496571833,1496571987,154
oltorf,benwhite,1496598231,1496598332,101
oltorf,benwhite,1496583371,1496583515,144
oltorf,benwhite,1496579014,1496579198,184
oltorf,benwhite,1496613811,1496613904,93
oltorf,benwhite,1496609884,1496609907,23
oltorf,benwhite,1496587228,1496587366,138
oltorf,benwhite,1496572532,1496572676,144
oltorf,benwhite,1496579155,1496579219,64
oltorf,benwhite,1496618446,1496618622,176
oltorf,benwhite,1496572504,1496572563,59
oltorf,benwhite,1496578174,1496578191,17
oltorf,benwhite,1496606878,1496607015,137
oltorf,benwhite,1496601160,1496601269,109
oltorf,benwhite,1496609486,1496609570,84
oltorf,benwhite,1496598019,1496598199,180
oltorf,benwhite,1496615415,1496615419,4
oltorf,benwhite,1496588987,1496589022,35
oltorf,benwhite,1496617963,1496617988,25
oltorf,benwhite,1496584300,1496584401,101
oltorf,benwhite,1496589004,1496589167,163
oltorf,benwhite,1496604087,1496604110,23
oltorf,benwhite,1496578954,1496578992,38
oltorf,benwhite,1496587830,1496587983,153
oltorf,benwhite,1496600007,1496600149,142
oltorf,benwhite,1496610722,1496610818,96
oltorf,benwhite,1496605382,1496605483,101
oltorf,benwhite,1496584167,1496584245,78
oltorf,benwhite,1496606537,1496606558,21
oltorf,benwhite,1496586668,1496586814,146
oltorf,benwhite,1496594859,1496594951,92
oltorf,benwhite,1496589508,1496589686,178
oltorf,benwhite,1496582203,1496582371,168
oltorf,benwhite,1496602853,1496602896,43
oltorf,benwhite,1496599725,1496599802,77
oltorf,benwhite,1496610500,1496610538,38
oltorf,benwhite,1496607683,1496607753,70
oltorf,benwhite,1496581447,1496581582,135
oltorf,benwhite,1496604444,1496604457,13
oltorf,benwhite,1496573946,1496573959,13
oltorf,benwhite,1496578123,1496578162,39
oltorf,benwhite,1496618287,1496618314,27
oltorf,benwhite,1496579279,1496579357,78
oltorf,benwhite,1496614074,1496614254,180
oltorf,benwhite,1496583980,1496584136,156
oltorf,benwhite,1496573223,1496573362,139
oltorf,benwhite,1496581278,1496581455,177
oltorf,benwhite,1496605562,1496605562,0
oltorf,benwhite,1496618250,1496618338,88
oltorf,benwhite,1496574405,1496574443,38
oltorf,benwhite,1496580132,1496580133,1
oltorf,benwhite,1496572824,1496572835,11
oltorf,benwhite,1496600468,1496600541,73
oltorf,benwhite,1496577611,1496577654,43
oltorf,benwhite,1496608902,1496608984,82
oltorf,benwhite,1496593696,1496593883,187
oltorf,benwhite,1496590348,1496590396,48
oltorf,benwhite,1496584488,1496584650,162
oltorf,benwhite,1496601916,1496602043,127
oltorf,benwhite,1496588152,1496588157,5
oltorf,benwhite,1496578182,1496578357,175
oltorf,benwhite,1496617017,1496617129,112
oltorf,benwhite,1496584011,1496584057,46
oltorf,benwhite,1496616244,1496616332,88
oltorf,benwhite,1496597544,1496597640,96
oltorf,benwhite,1496607689,1496607743,54
oltorf,benwhite,1496600555,1496600606,51
oltorf,benwhite,1496612344,1496612454,110
oltorf,benwhite,1496569918,1496569959,41
oltorf,benwhite,1496583431,1496583497,66
oltorf,benwhite,1496587250,1496587362,112
oltorf,benwhite,1496580073,1496580124,51
oltorf,benwhite,1496582589,1496582691,102
oltorf,benwhite,1496570807,1496570904,97
oltorf,benwhite,1496589302,1496589391,89
oltorf,benwhite,1496579832,1496579913,81
oltorf,benwhite,1496594301,1496594429,128
oltorf,benwhite,1496570319,1496570367,48
oltorf,benwhite,1496596574,1496596597,23
oltorf,benwhite,1496589182,1496589231,49
oltorf,benwhite,1496589988,1496590180,192
oltorf,benwhite,1496586583,1496586636,53
oltorf,benwhite,1496601038,1496601194,156
oltorf,benwhite,1496606370,1496606383,13
oltorf,benwhite,1496606166,1496606283,117
oltorf,benwhite,1496601695,1496601867,172
oltorf,benwhite,1496599878,1496599966,88
oltorf,benwhite,1496570654,1496570807,153
oltorf,benwhite,1496601026,1496601185,159
oltorf,benwhite,1496603368,1496603469,101
oltorf,benwhite,1496585150,1496585309,159
oltorf,benwhite,1496599446,1496599451,5
oltorf,benwhite,1496585873,1496585903,30
oltorf,benwhite,1496572020,1496572040,20
oltorf,benwhite,1496569877,1496569905,28
oltorf,benwhite,1496572325,1496572431,106
oltorf,benwhite,1496607019,1496607047,28
oltorf,benwhite,1496581842,1496581988,146
oltorf,benwhite,1496601644,1496601707,63
oltorf,benwhite,1496583207,1496583241,34
oltorf,benwhite,1496568264,1496568330,66
oltorf,benwhite,1496576185,1496576329,144
oltorf,benwhite,1496602392,1496602509,117
oltorf,benwhite,1496597854,1496597862,8
oltorf,benwhite,1496578285,1496578367,82
oltorf,benwhite,1496575666,1496575776,110
oltorf,benwhite,1496607657,1496607823,166
oltorf,benwhite,1496575605,1496575679,74
oltorf,benwhite,1496568138,1496568244,106
oltorf,benwhite,1496584793,1496584797,4
oltorf,benwhite,1496613299,1496613405,106
oltorf,benwhite,1496603195,1496603302,107
oltorf,benwhite,1496614119,1496614294,175
oltorf,benwhite,1496605635,1496605707,72
oltorf,benwhite,1496578924,1496578950,26
oltorf,benwhite,1496612956,1496613055,99
oltorf,benwhite,1496584324,1496584489,165
oltorf,benwhite,1496612860,1496612949,89
oltorf,benwhite,1496604940,1496605131,191
oltorf,benwhite,1496577190,1496577326,136
oltorf,benwhite,1496587561,1496587691,130
oltorf,benwhite,1496597295,1496597381,86
oltorf,benwhite,1496589697,1496589828,131
oltorf,benwhite,1496590414,1496590565,151
oltorf,benwhite,1496599554,1496599597,43
oltorf,benwhite,1496595102,1496595126,24
oltorf,benwhite,1496591739,1496591746,7
oltorf,benwhite,1496603672,1496603808,136
oltorf,benwhite,1496592391,1496592563,172
oltorf,benwhite,1496607815,1496607887,72
oltorf,benwhite,1496588478,1496588543,65
oltorf,benwhite,1496608196,1496608284,88
oltorf,benwhite,1496588307,1496588494,187
oltorf,benwhite,1496584367,1496584377,10
oltorf,benwhite,1496581606,1496581629,23
oltorf,benwhite,1496598973,1496599103,130
oltorf,benwhite,1496614687,1496614697,10
oltorf,benwhite,1496617794,1496617861,67
oltorf,benwhite,1496612286,1496612434,148
oltorf,benwhite,1496597888,1496597903,15
oltorf,benwhite,1496586463,1496586591,128
oltorf,benwhite,1496581877,1496582016,139
oltorf,benwhite,1496569936,1496570088,152
oltorf,benwhite,1496576299,1496576319,20
oltorf,benwhite,1496609883,1496610013,130
oltorf,benwhite,1496597088,1496597248,160
oltorf,benwhite,1496576798,1496576833,35
oltorf,benwhite,1496590232,1496590417,185
oltorf,benwhite,1496575074,1496575110,36
oltorf,benwhite,1496584072,1496584262,190
oltorf,benwhite,1496593244,1496593269,25
oltorf,benwhite,1496588812,1496588982,170
oltorf,benwhite,1496589997,1496590030,33
oltorf,benwhite,1496589661,1496589840,179
oltorf,benwhite,1496578568,1496578747,179
oltorf,benwhite,1496608576,1496608600,24
oltorf,benwhite,1496603488,1496603647,159
oltorf,benwhite,1496595766,1496595862,96
oltorf,benwhite,1496601124,1496601240,116
oltorf,benwhite,1496575929,1496576084,155
oltorf,benwhite,1496581471,1496581555,84
oltorf,benwhite,1496592364,1496592379,15
oltorf,benwhite,1496575462,1496575488,26
oltorf,benwhite,1496583993,1496584159,166
oltorf,benwhite,1496593338,1496593439,101
oltorf,benwhite,1496603590,1496603623,33
oltorf,benwhite,1496600753,1496600798,45
oltorf,benwhite,1496597603,1496597672,69
oltorf,benwhite,1496580112,1496580168,56
oltorf,benwhite,1496579203,1496579303,100
oltorf,benwhite,1496592381,1496592549,168
oltorf,benwhite,1496618047,1496618121,74
oltorf,benwhite,1496614250,1496614358,108
oltorf,benwhite,1496569709,1496569892,183
oltorf,benwhite,1496600423,1496600617,194
oltorf,benwhite,1496572759,1496572820,61
oltorf,benwhite,1496590607,1496590726,119
oltorf,benwhite,1496574809,1496574929,120
oltorf,benwhite,1496602592,1496602754,162
oltorf,benwhite,1496568303,1496568414,111
oltorf,benwhite,1496575253,1496575444,191
oltorf,benwhite,1496581871,1496581887,16
oltorf,benwhite,1496591449,1496591507,58
oltorf,benwhite,1496571478,1496571509,31
oltorf,benwhite,1496572307,1496572325,18
oltorf,benwhite,1496609528,1496609620,92
oltorf,benwhite,1496603347,1496603361,14
oltorf,benwhite,1496616261,1496616338,77
oltorf,benwhite,1496573122,1496573230,108
oltorf,benwhite,1496592116,1496592145,29
oltorf,benwhite,1496582567,1496582680,113
oltorf,benwhite,1496582787,1496582876,89
oltorf,benwhite,1496580768,1496580853,85
oltorf,benwhite,1496586373,1496586432,59
oltorf,benwhite,1496596624,1496596797,173
oltorf,benwhite,1496603957,1496604038,81
oltorf,benwhite,1496593000,1496593097,97
oltorf,benwhite,1496611229,1496611366,137
oltorf,benwhite,1496569342,1496569405,63
oltorf,benwhite,1496592142,1496592159,17
oltorf,benwhite,1496610272,1496610283,11
oltorf,benwhite,1496607971,1496608114,143
oltorf,benwhite,1496568696,1496568850,154
oltorf,benwhite,1496598097,1496598115,18
oltorf,benwhite,1496585286,1496585326,40
oltorf,benwhite,1496595516,1496595710,194
oltorf,benwhite,1496588659,1496588712,53
oltorf,benwhite,1496613934,1496614021,87
oltorf,benwhite,1496604617,1496604685,68
oltorf,benwhite,1496603406,1496603434,28
oltorf,benwhite,1496590669,1496590849,180
oltorf,benwhite,1496603558,1496603603,45
oltorf,benwhite,1496587284,1496587308,24
oltorf,benwhite,1496591796,1496591933,137
oltorf,benwhite,1496573019,1496573152,133
oltorf,benwhite,1496598207,1496598316,109
oltorf,benwhite,1496591681,1496591866,185
oltorf,benwhite,1496591933,1496592025,92
oltorf,benwhite,1496613478,1496613491,13
oltorf,benwhite,1496579828,1496579854,26
oltorf,benwhite,1496609417,1496609470,53
oltorf,benwhite,1496578735,1496578818,83
oltorf,benwhite,1496604013,1496604103,90
oltorf,benwhite,1496593869,1496593879,10
oltorf,benwhite,1496596407,1496596476,69
oltorf,benwhite,1496608973,1496609021,48
oltorf,benwhite,1496614257,1496614353,96
oltorf,benwhite,1496569254,1496569427,173
oltorf,benwhite,1496576631,1496576829,198
oltorf,benwhite,1496603925,1496603974,49
oltorf,benwhite,1496574825,1496574919,94
oltorf,benwhite,1496601723,1496601880,157
oltorf,benwhite,1496608638,1496608684,46
oltorf,benwhite,1496579836,1496580003,167
oltorf,benwhite,1496618202,1496618356,154
oltorf,benwhite,1496573219,1496573369,150
oltorf,benwhite,1496612265,1496612361,96
oltorf,benwhite,1496583952,1496583984,32
oltorf,benwhite,1496613355,1496613536,181
oltorf,benwhite,1496569998,1496570111,113
oltorf,benwhite,1496605217,1496605374,157
oltorf,benwhite,1496573788,1496573937,149
oltorf,benwhite,1496571269,1496571349,80
oltorf,benwhite,1496589277,1496589342,65
oltorf,benwhite,1496591582,1496591594,12
oltorf,benwhite,1496606977,1496607010,33
oltorf,benwhite,1496590469,1496590583,114
oltorf,benwhite,1496600610,1496600691,81
oltorf,benwhite,1496595675,1496595858,183
oltorf,benwhite,1496593900,1496594018,118
oltorf,benwhite,1496594236,1496594280,44
oltorf,benwhite,1496595650,1496595665,15
oltorf,benwhite,1496580120,1496580187,67
oltorf,benwhite,1496591304,1496591422,118
oltorf,benwhite,1496585322,1496585411,89
oltorf,benwhite,1496581557,1496581570,13
oltorf,benwhite,1496593638,1496593650,12
oltorf,benwhite,1496581559,1496581696,137
oltorf,benwhite,1496575219,1496575400,181
oltorf,benwhite,1496604209,1496604356,147
oltorf,benwhite,1496608896,1496608990,94
oltorf,benwhite,1496599787,1496599809,22
oltorf,benwhite,1496573194,1496573330,136
oltorf,benwhite,1496612137,1496612157,20
oltorf,benwhite,1496587703,1496587791,88
oltorf,benwhite,1496598276,1496598430,154
oltorf,benwhite,1496578752,1496578858,106
oltorf,benwhite,1496575936,1496575997,61
oltorf,benwhite,1496586791,1496586988,197
oltorf,benwhite,1496584463,1496584475,12
oltorf,benwhite,1496579018,1496579123,105
oltorf,benwhite,1496606019,1496606095,76
oltorf,benwhite,1496588920,1496589081,161
oltorf,benwhite,1496602970,1496602973,3
oltorf,benwhite,1496592177,1496592263,86
oltorf,benwhite,1496583591,1496583597,6
oltorf,benwhite,1496602805,1496602988,183
oltorf,benwhite,1496613189,1496613343,154
oltorf,benwhite,1496573454,1496573500,46
oltorf,benwhite,1496571201,1496571365,164
oltorf,benwhite,1496607143,1496607330,187
oltorf,benwhite,1496579275,1496579426,151
oltorf,benwhite,1496617532,1496617659,127
oltorf,benwhite,1496581448,1496581562,114
oltorf,benwhite,1496570360,1496570434,74
oltorf,benwhite,1496580222,1496580288,66
oltorf,benwhite,1496586424,1496586472,48
oltorf,benwhite,1496580636,1496580708,72
oltorf,benwhite,1496569476,1496569515,39
oltorf,benwhite,1496576544,1496576546,2
oltorf,benwhite,1496582221,1496582396,175
oltorf,benwhite,1496571965,1496572061,96
oltorf,benwhite,1496611213,1496611275,62
oltorf,benwhite,1496609855,1496609957,102
oltorf,benwhite,1496574432,1496574615,183
oltorf,benwhite,1496585528,1496585607,79
oltorf,benwhite,1496573618,1496573644,26
oltorf,benwhite,1496607093,1496607184,91
oltorf,benwhite,1496601133,1496601133,0
oltorf,benwhite,1496583014,1496583100,86
oltorf,benwhite,1496599575,1496599719,144
oltorf,benwhite,1496580945,1496581076,131
oltorf,benwhite,1496570719,1496570857,138
oltorf,benwhite,1496595238,1496595418,180
oltorf,benwhite,1496594336,1496594430,94
oltorf,benwhite,1496590972,1496590997,25
oltorf,benwhite,1496571274,1496571422,148
oltorf,benwhite,1496589367,1496589437,70
oltorf,benwhite,1496610066,1496610197,131
oltorf,benwhite,1496613691,1496613752,61
oltorf,benwhite,1496589753,1496589865,112
oltorf,benwhite,1496585050,1496585244,194
oltorf,benwhite,1496571360,1496571514,154
oltorf,benwhite,1496604956,1496605018,62
oltorf,benwhite,1496581762,1496581789,27
oltorf,benwhite,1496580838,1496580910,72
oltorf,benwhite,1496575176,1496575244,68
oltorf,benwhite,1496616669,1496616831,162
oltorf,benwhite,1496593775,1496593896,121
oltorf,benwhite,1496594143,1496594297,154
oltorf,benwhite,1496594503,1496594668,165
oltorf,benwhite,1496596834,1496596949,115
oltorf,benwhite,1496605570,1496605670,100
oltorf,benwhite,1496617116,1496617160,44
oltorf,benwhite,1496601285,1496601376,91
oltorf,benwhite,1496583277,1496583386,109
oltorf,benwhite,1496583095,1496583247,152
oltorf,benwhite,1496585218,1496585335,117
oltorf,benwhite,1496576724,1496576830,106
oltorf,benwhite,1496574635,1496574651,16
oltorf,benwhite,1496588632,1496588795,163
oltorf,benwhite,1496589655,1496589834,179
oltorf,benwhite,1496597536,1496597691,155
oltorf,benwhite,1496577107,1496577237,130
oltorf,benwhite,1496593135,1496593136,1
oltorf,benwhite,1496574059,1496574234,175
oltorf,benwhite,1496607826,1496607900,74
oltorf,benwhite,1496568340,1496568463,123
oltorf,benwhite,1496578806,1496578888,82
oltorf,benwhite,1496595873,1496595999,126
oltorf,benwhite,1496587820,1496587949,129
oltorf,benwhite,1496611855,1496611904,49
oltorf,benwhite,1496609963,1496610091,128
oltorf,benwhite,1496608049,1496608154,105
oltorf,benwhite,1496609311,1496609473,162
oltorf,benwhite,1496587520,1496587525,5
oltorf,benwhite,1496608662,1496608791,129
oltorf,benwhite,1496596401,1496596401,0
oltorf,benwhite,1496612810,1496612993,183
oltorf,benwhite,1496605536,1496605590,54
oltorf,benwhite,1496611903,1496611982,79
oltorf,benwhite,1496610747,1496610885,138
oltorf,benwhite,1496597370,1496597485,115
oltorf,benwhite,1496579131,1496579284,153
oltorf,benwhite,1496601549,1496601585,36
oltorf,benwhite,1496606484,1496606586,102
oltorf,benwhite,1496601489,1496601617,128
oltorf,benwhite,1496595025,1496595168,143
oltorf,benwhite,1496575219,1496575358,139
oltorf,benwhite,1496589551,1496589599,48
oltorf,benwhite,1496575975,1496576001,26
oltorf,benwhite,1496590020,1496590203,183
oltorf,benwhite,1496581911,1496581915,4
oltorf,benwhite,1496569916,1496570024,108
oltorf,benwhite,1496575459,1496575514,55
oltorf,benwhite,1496590205,1496590382,177
oltorf,benwhite,1496571910,1496571917,7
oltorf,benwhite,1496585204,1496585206,2
oltorf,benwhite,1496605398,1496605467,69
oltorf,benwhite,1496582099,1496582263,164
oltorf,benwhite,1496575668,1496575668,0
oltorf,benwhite,1496579618,1496579639,21
oltorf,benwhite,1496612614,1496612735,121
oltorf,benwhite,1496612477,1496612527,50
oltorf,benwhite,1496601586,1496601605,19
oltorf,benwhite,1496586213,1496586242,29
oltorf,benwhite,1496617929,1496618049,120
oltorf,benwhite,1496609641,1496609699,58
oltorf,benwhite,1496610261,1496610409,148
oltorf,benwhite,1496582543,1496582607,64
oltorf,benwhite,1496599130,1496599210,80
oltorf,benwhite,1496615823,1496615860,37
oltorf,benwhite,1496580009,1496580181,172
oltorf,benwhite,1496589994,1496590066,72
oltorf,benwhite,1496601517,1496601642,125
oltorf,benwhite,1496591857,1496591926,69
oltorf,benwhite,1496603357,1496603444,87
oltorf,benwhite,1496577433,1496577562,129
oltorf,benwhite,1496606532,1496606607,75
oltorf,benwhite,1496616977,1496616980,3
oltorf,benwhite,1496594723,1496594865,142
oltorf,benwhite,1496573487,1496573680,193
oltorf,benwhite,1496593807,1496593989,182
oltorf,benwhite,1496602394,1496602505,111
oltorf,benwhite,1496569059,1496569180,121
oltorf,benwhite,1496586731,1496586843,112
oltorf,benwhite,1496584249,1496584298,49
oltorf,benwhite,1496579495,1496579522,27
oltorf,benwhite,1496570135,1496570285,150
oltorf,benwhite,1496614906,1496615077,171
oltorf,benwhite,1496603619,1496603681,62
oltorf,benwhite,1496611570,1496611709,139
oltorf,benwhite,1496599034,1496599049,15
oltorf,benwhite,1496609924,1496610072,148
oltorf,benwhite,1496603869,1496604018,149
oltorf,benwhite,1496576276,1496576276,0
oltorf,benwhite,1496609621,1496609721,100
oltorf,benwhite,1496598155,1496598181,26
oltorf,benwhite,1496617414,1496617447,33
oltorf,benwhite,1496583208,1496583238,30
oltorf,benwhite,1496584532,1496584626,94
oltorf,benwhite,1496581484,1496581539,55
oltorf,benwhite,1496589663,1496589715,52
oltorf,benwhite,1496608746,1496608862,116
oltorf,benwhite,1496612632,1496612798,166
oltorf,benwhite,1496571568,1496571614,46
oltorf,benwhite,1496607124,1496607153,29
oltorf,benwhite,1496577654,1496577758,104
oltorf,benwhite,1496591249,1496591332,83
oltorf,benwhite,1496584732,1496584907,175
oltorf,benwhite,1496607262,1496607440,178
oltorf,benwhite,1496578942,1496579101,159
oltorf,benwhite,1496572035,1496572165,130
oltorf,benwhite,1496604529,1496604631,102
oltorf,benwhite,1496603887,1496603961,74
oltorf,benwhite,1496589852,1496589918,66
oltorf,benwhite,1496591887,1496592042,155
oltorf,benwhite,1496617672,1496617787,115
oltorf,benwhite,1496614967,1496615078,111
oltorf,benwhite,1496597295,1496597425,130
oltorf,benwhite,1496592764,1496592800,36
oltorf,benwhite,1496572733,1496572873,140
oltorf,benwhite,1496581217,1496581287,70
oltorf,benwhite,1496617629,1496617640,11
oltorf,benwhite,1496617776,1496617916,140
oltorf,benwhite,1496594759,1496594911,152
oltorf,benwhite,1496591175,1496591305,130
oltorf,benwhite,1496577764,1496577859,95
oltorf,benwhite,1496578666,1496578757,91
oltorf,benwhite,1496587511,1496587601,90
oltorf,benwhite,1496601739,1496601753,14
oltorf,benwhite,1496578383,1496578436,53
oltorf,benwhite,1496599577,1496599681,104
oltorf,benwhite,1496597786,1496597858,72
oltorf,benwhite,1496583828,1496584015,187
oltorf,benwhite,1496600721,1496600898,177
oltorf,benwhite,1496616945,1496617070,125
oltorf,benwhite,1496617128,1496617254,126
oltorf,benwhite,1496584282,1496584433,151
oltorf,benwhite,1496605250,1496605333,83
oltorf,benwhite,1496583038,1496583040,2
oltorf,benwhite,1496583679,1496583838,159
oltorf,benwhite,1496602299,1496602348,49
oltorf,benwhite,1496608264,1496608295,31
oltorf,benwhite,1496583196,1496583221,25
oltorf,benwhite,1496610862,1496610900,38
oltorf,benwhite,1496607532,1496607716,184
oltorf,benwhite,1496603030,1496603159,129
oltorf,benwhite,1496588926,1496589075,149
oltorf,benwhite,1496578608,1496578677,69
oltorf,benwhite,1496572132,1496572242,110
oltorf,benwhite,1496595572,1496595621,49
oltorf,benwhite,1496596675,1496596759,84
oltorf,benwhite,1496604339,1496604455,116
oltorf,benwhite,1496579345,1496579357,12
oltorf,benwhite,1496597951,1496597997,46
oltorf,benwhite,1496615352,1496615416,64
oltorf,benwhite,1496599613,1496599719,106
oltorf,benwhite,1496613986,1496614162,176
oltorf,benwhite,1496585443,1496585485,42
oltorf,benwhite,1496593862,1496593871,9
oltorf,benwhite,1496574531,1496574664,133
oltorf,benwhite,1496600805,1496600878,73
oltorf,benwhite,1496605008,1496605189,181
oltorf,benwhite,1496597853,1496597885,32
oltorf,benwhite,1496587474,1496587494,20
oltorf,benwhite,1496612920,1496613069,149
oltorf,benwhite,1496586858,1496586888,30
oltorf,benwhite,1496598356,1496598386,30
oltorf,benwhite,1496592893,1496593028,135
oltorf,benwhite,1496601454,1496601629,175
oltorf,benwhite,1496581618,1496581708,90
oltorf,benwhite,1496593266,1496593331,65
oltorf,benwhite,1496575271,1496575348,77
oltorf,benwhite,1496607265,1496607459,194
oltorf,benwhite,1496574955,1496575028,73
oltorf,benwhite,1496590725,1496590739,14
oltorf,benwhite,1496606817,1496606900,83
oltorf,benwhite,1496585825,1496585934,109
oltorf,benwhite,1496602629,1496602653,24
oltorf,benwhite,1496581171,1496581299,128
oltorf,benwhite,1496605197,1496605285,88
oltorf,benwhite,1496591202,1496591318,116
oltorf,benwhite,1496606853,1496606995,142
oltorf,benwhite,1496583698,1496583750,52
oltorf,benwhite,1496607949,1496608116,167
oltorf,benwhite,1496592189,1496592234,45
oltorf,benwhite,1496601451,1496601620,169
oltorf,benwhite,1496589867,1496589892,25
oltorf,benwhite,1496570676,1496570870,194
oltorf,benwhite,1496576732,1496576786,54
oltorf,benwhite,1496611192,1496611379,187
oltorf,benwhite,1496603071,1496603213,142
oltorf,benwhite,1496574665,1496574749,84
oltorf,benwhite,1496592168,1496592290,122
oltorf,benwhite,1496590920,1496591116,196
oltorf,benwhite,1496599594,1496599715,121
oltorf,benwhite,1496583436,1496583538,102
oltorf,benwhite,1496598434,1496598604,170
oltorf,benwhite,1496582572,1496582643,71
oltorf,benwhite,1496591856,1496591876,20
oltorf,benwhite,1496608246,1496608438,192
oltorf,benwhite,1496589102,1496589161,59
oltorf,benwhite,1496610155,1496610333,178
oltorf,benwhite,1496595638,1496595671,33
oltorf,benwhite,1496577145,1496577310,165
oltorf,benwhite,1496601045,1496601225,180
oltorf,benwhite,1496571150,1496571346,196
oltorf,benwhite,1496596038,1496596228,190
oltorf,benwhite,1496587387,1496587582,195
oltorf,benwhite,1496599339,1496599480,141
oltorf,benwhite,1496586789,1496586980,191
oltorf,benwhite,1496617583,1496617619,36
oltorf,benwhite,1496588713,1496588760,47
oltorf,benwhite,1496611269,1496611414,145
oltorf,benwhite,1496581704,1496581831,127
oltorf,benwhite,1496571074,1496571142,68
oltorf,benwhite,1496591550,1496591602,52
oltorf,benwhite,1496599031,1496599167,136
oltorf,benwhite,1496612636,1496612833,197
oltorf,benwhite,1496571489,1496571530,41
oltorf,benwhite,1496612574,1496612599,25
oltorf,benwhite,1496590374,1496590428,54
oltorf,benwhite,1496593150,1496593261,111
oltorf,benwhite,1496597695,1496597779,84
oltorf,benwhite,1496577793,1496577953,160
oltorf,benwhite,1496575092,1496575195,103
oltorf,benwhite,1496600592,1496600690,98
oltorf,benwhite,1496610659,1496610694,35
oltorf,benwhite,1496589967,1496590042,75
oltorf,benwhite,1496601410,1496601482,72
oltorf,benwhite,1496573517,1496573579,62
oltorf,benwhite,1496581052,1496581108,56
oltorf,benwhite,1496596122,1496596134,12
oltorf,benwhite,1496581837,1496581926,89
oltorf,benwhite,1496603517,1496603621,104
oltorf,benwhite,1496592418,1496592513,95
oltorf,benwhite,1496586377,1496586464,87
oltorf,benwhite,1496615582,1496615591,9
oltorf,benwhite,1496571871,1496571936,65
oltorf,benwhite,1496587836,1496587849,13
oltorf,benwhite,1496580374,1496580386,12
oltorf,benwhite,1496599824,1496599860,36
oltorf,benwhite,1496578411,1496578491,80
oltorf,benwhite,1496573790,1496573915,125
oltorf,benwhite,1496580885,1496581079,194
oltorf,benwhite,1496597892,1496598006,114
oltorf,benwhite,1496593009,1496593087,78
oltorf,benwhite,1496578693,1496578725,32
oltorf,benwhite,1496615804,1496615977,173
oltorf,benwhite,1496609094,1496609215,121
oltorf,benwhite,1496612780,1496612805,25
oltorf,benwhite,1496571462,1496571521,59
oltorf,benwhite,1496584742,1496584905,163
oltorf,benwhite,1496584464,1496584480,16
oltorf,benwhite,1496594552,1496594576,24
oltorf,benwhite,1496617789,1496617907,118
oltorf,benwhite,1496597836,1496598016,180
oltorf,benwhite,1496589220,1496589327,107
oltorf,benwhite,1496577662,1496577664,2
oltorf,benwhite,1496605334,1496605344,10
oltorf,benwhite,1496585499,1496585650,151
oltorf,benwhite,1496588903,1496588918,15
oltorf,benwhite,1496600347,1496600536,189
oltorf,benwhite,1496605639,1496605643,4
oltorf,benwhite,1496604239,1496604355,116
oltorf,benwhite,1496570527,1496570679,152
oltorf,benwhite,1496598750,1496598932,182
oltorf,benwhite,1496592174,1496592253,79
oltorf,benwhite,1496614791,1496614885,94
oltorf,benwhite,1496589488,1496589543,55
oltorf,benwhite,1496568280,1496568355,75
oltorf,benwhite,1496609076,1496609146,70
oltorf,benwhite,1496612918,1496612963,45
oltorf,benwhite,1496568858,1496568942,84
oltorf,benwhite,1496585667,1496585831,164
oltorf,benwhite,1496611297,1496611393,96
oltorf,benwhite,1496592807,1496592972,165
oltorf,benwhite,1496608343,1496608419,76
oltorf,benwhite,1496588598,1496588761,163
oltorf,benwhite,1496612381,1496612428,47
oltorf,benwhite,1496587922,1496588087,165
oltorf,benwhite,1496617109,1496617112,3
oltorf,benwhite,1496583379,1496583440,61
oltorf,benwhite,1496583366,1496583375,9
oltorf,benwhite,1496578032,1496578162,130
oltorf,benwhite,1496603257,1496603278,21
oltorf,benwhite,1496570079,1496570269,190
oltorf,benwhite,1496600924,1496601038,114
oltorf,benwhite,1496599357,1496599410,53
oltorf,benwhite,1496594256,1496594259,3
oltorf,benwhite,1496595031,1496595046,15
oltorf,benwhite,1496591221,1496591379,158
oltorf,benwhite,1496590096,1496590115,19
oltorf,benwhite,1496573181,1496573345,164
oltorf,benwhite,1496602050,1496602168,118
oltorf,benwhite,1496597381,1496597384,3
oltorf,benwhite,1496583856,1496583943,87
oltorf,benwhite,1496581365,1496581513,148
oltorf,benwhite,1496607397,1496607434,37
oltorf,benwhite,1496591864,1496591944,80
oltorf,benwhite,1496570780,1496570883,103
oltorf,benwhite,1496585396,1496585579,183
oltorf,benwhite,1496605180,1496605189,9
oltorf,benwhite,1496582728,1496582926,198
oltorf,benwhite,1496605938,1496606103,165
oltorf,benwhite,1496603904,1496603955,51
oltorf,benwhite,1496585315,1496585376,61
oltorf,benwhite,1496569934,1496570043,109
oltorf,benwhite,1496569897,1496570001,104
oltorf,benwhite,1496578731,1496578836,105
oltorf,benwhite,1496582747,1496582878,131
oltorf,benwhite,1496578253,1496578321,68
oltorf,benwhite,1496597361,1496597468,107
oltorf,benwhite,1496582509,1496582585,76
oltorf,benwhite,1496615089,1496615147,58
oltorf,benwhite,1496596406,1496596514,108
oltorf,benwhite,1496578031,1496578157,126
oltorf,benwhite,1496580801,1496580831,30
oltorf,benwhite,1496576390,1496576406,16
oltorf,benwhite,1496570146,1496570238,92
oltorf,benwhite,1496574694,1496574754,60
oltorf,benwhite,1496605131,1496605261,130
oltorf,benwhite,1496602582,1496602596,14
oltorf,benwhite,1496574486,1496574587,101
oltorf,benwhite,1496600024,1496600116,92
oltorf,benwhite,1496576092,1496576151,59
oltorf,benwhite,1496601816,1496601889,73
oltorf,benwhite,1496609891,1496610046,155
oltorf,benwhite,1496573007,1496573071,64
oltorf,benwhite,1496591082,1496591146,64
oltorf,benwhite,1496599642,1496599840,198
oltorf,benwhite,1496616393,1496616413,20
oltorf,benwhite,1496586597,1496586684,87
oltorf,benwhite,1496578139,1496578317,178
oltorf,benwhite,1496579359,1496579459,100
oltorf,benwhite,1496616950,1496616956,6
oltorf,benwhite,1496600280,1496600318,38
oltorf,benwhite,1496569142,1496569266,124
oltorf,benwhite,1496584218,1496584276,58
oltorf,benwhite,1496607847,1496608015,168
oltorf,benwhite,1496569249,1496569329,80
oltorf,benwhite,1496571623,1496571773,150
oltorf,benwhite,1496606067,1496606097,30
oltorf,benwhite,1496571344,1496571530,186
oltorf,benwhite,1496594895,1496595094,199
oltorf,benwhite,1496588226,1496588369,143
oltorf,benwhite,1496589920,1496589968,48
oltorf,benwhite,1496617293,1496617390,97
oltorf,benwhite,1496595147,1496595281,134
oltorf,benwhite,1496604841,1496604875,34
oltorf,benwhite,1496578595,1496578741,146
oltorf,benwhite,1496572651,1496572754,103
oltorf,benwhite,1496590407,1496590590,183
oltorf,benwhite,1496602293,1496602487,194
oltorf,benwhite,1496595374,1496595557,183
oltorf,benwhite,1496604368,1496604463,95
oltorf,benwhite,1496613071,1496613200,129
oltorf,benwhite,1496570010,1496570047,37
oltorf,benwhite,1496599611,1496599719,108
oltorf,benwhite,1496604505,1496604700,195
oltorf,benwhite,1496591337,1496591424,87
oltorf,benwhite,1496592882,1496592958,76
oltorf,benwhite,1496608104,1496608275,171
oltorf,benwhite,1496600259,1496600374,115
oltorf,benwhite,1496615318,1496615500,182
oltorf,benwhite,1496609832,1496609881,49
oltorf,benwhite,1496615728,1496615815,87
oltorf,benwhite,1496595332,1496595356,24
oltorf,benwhite,1496617478,1496617653,175
oltorf,benwhite,1496594447,1496594645,198
oltorf,benwhite,1496569302,1496569450,148
oltorf,benwhite,1496599627,1496599763,136
oltorf,benwhite,1496583136,1496583208,72
oltorf,benwhite,1496617030,1496617121,91
oltorf,benwhite,1496571598,1496571670,72
oltorf,benwhite,1496589389,1496589490,101
oltorf,benwhite,1496600476,1496600675,199
oltorf,benwhite,1496609955,1496610126,171
oltorf,benwhite,1496576542,1496576560,18
oltorf,benwhite,1496581010,1496581010,0
oltorf,benwhite,1496601355,1496601388,33
oltorf,benwhite,1496614720,1496614892,172
oltorf,benwhite,1496609042,1496609107,65
oltorf,benwhite,1496593851,1496593924,73
oltorf,benwhite,1496570046,1496570086,40
oltorf,benwhite,1496600315,1496600366,51
oltorf,benwhite,1496584553,1496584718,165
oltorf,benwhite,1496585313,1496585324,11
oltorf,benwhite,1496572646,1496572836,190
oltorf,benwhite,1496616452,1496616463,11
oltorf,benwhite,1496616291,1496616483,192
oltorf,benwhite,1496595512,1496595597,85
oltorf,benwhite,1496606957,1496606972,15
oltorf,benwhite,1496601223,1496601304,81
oltorf,benwhite,1496611821,1496611833,12
oltorf,benwhite,1496589140,1496589168,28
oltorf,benwhite,1496616538,1496616697,159
oltorf,benwhite,1496574425,1496574435,10
oltorf,benwhite,1496578056,1496578119,63
oltorf,benwhite,1496611987,1496612100,113
oltorf,benwhite,1496614909,1496614994,85
oltorf,benwhite,1496600730,1496600914,184
oltorf,benwhite,1496610007,1496610108,101
oltorf,benwhite,1496603661,1496603808,147
oltorf,benwhite,1496614197,1496614311,114
oltorf,benwhite,1496609913,1496610045,132
oltorf,benwhite,1496576203,1496576318,115
oltorf,benwhite,1496594958,1496595036,78
oltorf,benwhite,1496587806,1496587818,12
oltorf,benwhite,1496581010,1496581095,85
oltorf,benwhite,1496594263,1496594279,16
oltorf,benwhite,1496581355,1496581452,97
oltorf,benwhite,1496570767,1496570781,14
oltorf,benwhite,1496588812,1496588972,160
oltorf,benwhite,1496588201,1496588221,20
oltorf,benwhite,1496597621,1496597719,98
oltorf,benwhite,1496602292,1496602448,156
oltorf,benwhite,1496602589,1496602697,108
oltorf,benwhite,1496569581,1496569748,167
oltorf,benwhite,1496586130,1496586314,184
oltorf,benwhite,1496599997,1496600085,88
oltorf,benwhite,1496617362,1496617373,11
oltorf,benwhite,1496600722,1496600843,121
oltorf,benwhite,1496582645,1496582681,36
oltorf,benwhite,1496570606,1496570611,5
oltorf,benwhite,1496600106,1496600136,30
oltorf,benwhite,1496578479,1496578678,199
oltorf,benwhite,1496570628,1496570724,96
oltorf,benwhite,1496584069,1496584090,21
oltorf,benwhite,1496598557,1496598599,42
oltorf,benwhite,1496597100,1496597276,176
oltorf,benwhite,1496572840,1496572960,120
oltorf,benwhite,1496583748,1496583771,23
oltorf,benwhite,1496595124,1496595207,83
oltorf,benwhite,1496617919,1496617924,5
oltorf,benwhite,1496577497,1496577551,54
oltorf,benwhite,1496613394,1496613587,193
oltorf,benwhite,1496592849,1496592976,127
oltorf,benwhite,1496599887,1496599951,64
oltorf,benwhite,1496611317,1496611500,183
oltorf,benwhite,1496587953,1496588078,125
oltorf,benwhite,1496616211,1496616406,195
oltorf,benwhite,1496613653,1496613824,171
oltorf,benwhite,1496589675,1496589705,30
oltorf,benwhite,1496590066,1496590126,60
oltorf,benwhite,1496569151,1496569206,55
oltorf,benwhite,1496608157,1496608190,33
oltorf,benwhite,1496609135,1496609298,163
oltorf,benwhite,1496608398,1496608500,102
oltorf,benwhite,1496570366,1496570489,123
oltorf,benwhite,1496584043,1496584224,181
oltorf,benwhite,1496592526,1496592723,197
oltorf,benwhite,1496613762,1496613838,76
oltorf,benwhite,1496597608,1496597757,149
oltorf,benwhite,1496607731,1496607920,189
oltorf,benwhite,1496581592,1496581649,57
oltorf,benwhite,1496607886,1496607906,20
oltorf,benwhite,1496574575,1496574637,62
oltorf,benwhite,1496578880,1496578969,89
oltorf,benwhite,1496598213,1496598325,112
oltorf,benwhite,1496582715,1496582716,1
oltorf,benwhite,1496600651,1496600779,128
oltorf,benwhite,1496606202,1496606253,51
oltorf,benwhite,1496601139,1496601305,166
oltorf,benwhite,1496594193,1496594216,23
oltorf,benwhite,1496579861,1496579962,101
oltorf,benwhite,1496606507,1496606597,90
oltorf,benwhite,1496612324,1496612451,127
oltorf,benwhite,1496591269,1496591312,43
oltorf,benwhite,1496602622,1496602820,198
oltorf,benwhite,1496606314,1496606456,142
oltorf,benwhite,1496608557,1496608685,128
oltorf,benwhite,1496568382,1496568527,145
oltorf,benwhite,1496591363,1496591396,33
oltorf,benwhite,1496617016,1496617093,77
oltorf,benwhite,1496613998,1496614017,19
oltorf,benwhite,1496583246,1496583265,19
oltorf,benwhite,1496595645,1496595757,112
oltorf,benwhite,1496610065,1496610230,165
oltorf,benwhite,1496595266,1496595304,38
oltorf,benwhite,1496609280,1496609354,74
oltorf,benwhite,1496604550,1496604711,161
oltorf,benwhite,1496587136,1496587183,47
oltorf,benwhite,1496571332,1496571493,161
oltorf,benwhite,1496591205,1496591261,56
oltorf,benwhite,1496607368,1496607482,114
oltorf,benwhite,1496572285,1496572347,62
oltorf,benwhite,1496576619,1496576704,85
oltorf,benwhite,1496590471,1496590545,74
oltorf,benwhite,1496580006,1496580137,131
oltorf,benwhite,1496602581,1496602668,87
oltorf,benwhite,1496602634,1496602650,16
oltorf,benwhite,1496606579,1496606776,197
oltorf,benwhite,1496572498,1496572586,88
oltorf,benwhite,1496587184,1496587214,30
oltorf,benwhite,1496568927,1496568958,31
oltorf,benwhite,1496595742,1496595875,133
oltorf,benwhite,1496603468,1496603545,77
oltorf,benwhite,1496578343,1496578344,1
oltorf,benwhite,1496586820,1496586864,44
oltorf,benwhite,1496595034,1496595187,153
oltorf,benwhite,1496597730,1496597756,26
oltorf,benwhite,1496596329,1496596375,46
oltorf,benwhite,1496568853,1496568944,91
oltorf,benwhite,1496602529,1496602625,96
oltorf,benwhite,1496606039,1496606154,115
oltorf,benwhite,1496616166,1496616255,89
oltorf,benwhite,1496596410,1496596494,84
oltorf,benwhite,1496593468,1496593658,190
oltorf,benwhite,1496617954,1496618089,135
oltorf,benwhite,1496606656,1496606690,34
oltorf,benwhite,1496574312,1496574418,106
oltorf,benwhite,1496585275,1496585275,0
oltorf,benwhite,1496587187,1496587305,118
oltorf,benwhite,1496586617,1496586722,105
oltorf,benwhite,1496613503,1496613598,95
oltorf,benwhite,1496617262,1496617444,182
oltorf,benwhite,1496613713,1496613750,37
oltorf,benwhite,1496611925,1496611991,66
oltorf,benwhite,1496595732,1496595925,193
oltorf,benwhite,1496595887,1496596082,195
oltorf,benwhite,1496581370,1496581474,104
oltorf,benwhite,1496605951,1496606005,54
oltorf,benwhite,1496597109,1496597146,37
oltorf,benwhite,1496607295,1496607427,132
oltorf,benwhite,1496583670,1496583787,117
oltorf,benwhite,1496575878,1496576032,154
oltorf,benwhite,1496618468,1496618563,95
oltorf,benwhite,1496587605,1496587752,147
oltorf,benwhite,1496574624,1496574783,159
oltorf,benwhite,1496574628,1496574766,138
oltorf,benwhite,1496570136,1496570316,180
oltorf,benwhite,1496601209,1496601271,62
oltorf,benwhite,1496608536,1496608673,137
oltorf,benwhite,1496599847,1496599943,96
oltorf,benwhite,1496590096,1496590273,177
oltorf,benwhite,1496614346,1496614503,157
oltorf,benwhite,1496605792,1496605935,143
oltorf,benwhite,1496588072,1496588163,91
oltorf,benwhite,1496615934,1496616035,101
oltorf,benwhite,1496578975,1496579061,86
oltorf,benwhite,1496575959,1496575997,38
oltorf,benwhite,1496596152,1496596153,1
oltorf,benwhite,1496575228,1496575288,60
oltorf,benwhite,1496580209,1496580344,135
oltorf,benwhite,1496615615,1496615783,168
oltorf,benwhite,1496612929,1496613042,113
oltorf,benwhite,1496603434,1496603542,108
oltorf,benwhite,1496612402,1496612438,36
oltorf,benwhite,1496602407,1496602537,130
oltorf,benwhite,1496569951,1496570096,145
oltorf,benwhite,1496614945,1496614977,32
oltorf,benwhite,1496616238,1496616270,32
oltorf,benwhite,1496615925,1496615959,34
oltorf,benwhite,1496572273,1496572398,125
oltorf,benwhite,1496610665,1496610686,21
oltorf,benwhite,1496592160,1496592165,5
oltorf,benwhite,1496584415,1496584586,171
oltorf,benwhite,1496606414,1496606501,87
oltorf,benwhite,1496616012,1496616115,103
oltorf,benwhite,1496582695,1496582753,58
oltorf,benwhite,1496598436,1496598449,13
oltorf,benwhite,1496604875,1496605014,139
oltorf,benwhite,1496575183,1496575285,102
oltorf,benwhite,1496578941,1496579081,140
oltorf,benwhite,1496569757,1496569849,92
oltorf,benwhite,1496583785,1496583870,85
oltorf,benwhite,1496570981,1496570995,14
oltorf,benwhite,1496574079,1496574107,28
oltorf,benwhite,1496595178,1496595330,152
oltorf,benwhite,1496604302,1496604336,34
oltorf,benwhite,1496583368,1496583412,44
oltorf,benwhite,1496580303,1496580372,69
oltorf,benwhite,1496568575,1496568749,174
oltorf,benwhite,1496577872,1496578027,155
oltorf,benwhite,1496609410,1496609517,107
oltorf,benwhite,1496609424,1496609481,57
oltorf,benwhite,1496577264,1496577371,107
oltorf,benwhite,1496588554,1496588564,10
oltorf,benwhite,1496579077,1496579170,93
oltorf,benwhite,1496569600,1496569632,32
oltorf,benwhite,1496616390,1496616479,89
oltorf,benwhite,1496585520,1496585567,47
oltorf,benwhite,1496596660,1496596703,43
oltorf,benwhite,1496593608,1496593759,151
oltorf,benwhite,1496594841,1496594851,10
oltorf,benwhite,1496576785,1496576907,122
oltorf,benwhite,1496593362,1496593529,167
oltorf,benwhite,1496573513,1496573617,104
oltorf,benwhite,1496614741,1496614925,184
oltorf,benwhite,1496571198,1496571246,48
oltorf,benwhite,1496599018,1496599105,87
oltorf,benwhite,1496576359,1496576370,11
oltorf,benwhite,1496582194,1496582266,72
oltorf,benwhite,1496594026,1496594033,7
oltorf,benwhite,1496592669,1496592764,95
oltorf,benwhite,1496578526,1496578553,27
oltorf,benwhite,1496597564,1496597649,85
oltorf,benwhite,1496574928,1496574979,51
oltorf,benwhite,1496598383,1496598425,42
oltorf,benwhite,1496613924,1496613982,58
oltorf,benwhite,1496590472,1496590622,150
oltorf,benwhite,1496580839,1496580918,79
oltorf,benwhite,1496600710,1496600767,57
oltorf,benwhite,1496580641,1496580777,136
oltorf,benwhite,1496615039,1496615146,107
oltorf,benwhite,1496585255,1496585370,115
oltorf,benwhite,1496602942,1496603064,122
oltorf,benwhite,1496592588,1496592679,91
oltorf,benwhite,1496601718,1496601757,39
oltorf,benwhite,1496591440,1496591533,93
oltorf,benwhite,1496597962,1496598022,60
oltorf,benwhite,1496608085,1496608190,105
oltorf,benwhite,1496604273,1496604291,18
oltorf,benwhite,1496598723,1496598787,64
oltorf,benwhite,1496583130,1496583275,145
oltorf,benwhite,1496586900,1496587000,100
oltorf,benwhite,1496596592,1496596746,154
oltorf,benwhite,1496598063,1496598105,42
oltorf,benwhite,1496579961,1496579975,14
oltorf,benwhite,1496615587,1496615754,167
oltorf,benwhite,1496596989,1496597006,17
oltorf,benwhite,1496600727,1496600807,80
oltorf,benwhite,1496615299,1496615389,90
oltorf,benwhite,1496587646,1496587690,44
oltorf,benwhite,1496601559,1496601564,5
oltorf,benwhite,1496606575,1496606709,134
oltorf,benwhite,1496575464,1496575464,0
oltorf,benwhite,1496580646,1496580688,42
oltorf,benwhite,1496590340,1496590497,157
oltorf,benwhite,1496591487,1496591623,136
oltorf,benwhite,1496604387,1496604475,88
oltorf,benwhite,1496614131,1496614276,145
oltorf,benwhite,1496590684,1496590796,112
oltorf,benwhite,1496591473,1496591626,153
oltorf,benwhite,1496578705,1496578827,122
oltorf,benwhite,1496591590,1496591758,168
oltorf,benwhite,1496591418,1496591613,195
oltorf,benwhite,1496590559,1496590738,179
oltorf,benwhite,1496572064,1496572209,145
oltorf,benwhite,1496568346,1496568516,170
oltorf,benwhite,1496588541,1496588580,39
oltorf,benwhite,1496608691,1496608808,117
oltorf,benwhite,1496609136,1496609178,42
oltorf,benwhite,1496584132,1496584329,197
oltorf,benwhite,1496578953,1496579129,176
oltorf,benwhite,1496591816,1496591959,143
oltorf,benwhite,1496591539,1496591721,182
oltorf,benwhite,1496604797,1496604952,155
oltorf,benwhite,1496576503,1496576583,80
oltorf,benwhite,1496586988,1496587089,101
oltorf,benwhite,1496613706,1496613749,43
oltorf,benwhite,1496592674,1496592737,63
oltorf,benwhite,1496613765,1496613957,192
oltorf,benwhite,1496584210,1496584336,126
oltorf,benwhite,1496594840,1496594928,88
oltorf,benwhite,1496614560,1496614660,100
oltorf,benwhite,1496576950,1496576985,35
oltorf,benwhite,1496589134,1496589234,100
oltorf,benwhite,1496598422,1496598584,162
oltorf,benwhite,1496568551,1496568584,33
oltorf,benwhite,1496589729,1496589787,58
oltorf,benwhite,1496612209,1496612220,11
oltorf,benwhite,1496599260,1496599457,197
oltorf,benwhite,1496613533,1496613696,163
oltorf,benwhite,1496583105,1496583202,97
oltorf,benwhite,1496572732,1496572812,80
oltorf,benwhite,1496592321,1496592496,175
oltorf,benwhite,1496613125,1496613225,100
oltorf,benwhite,1496574232,1496574366,134
oltorf,benwhite,1496597491,1496597612,121
oltorf,benwhite,1496591557,1496591602,45
oltorf,benwhite,1496611744,1496611873,129
oltorf,benwhite,1496594248,1496594338,90
oltorf,benwhite,1496588603,1496588738,135
oltorf,benwhite,1496597447,1496597552,105
oltorf,benwhite,1496580745,1496580794,49
oltorf,benwhite,1496574131,1496574194,63
oltorf,benwhite,1496586630,1496586765,135
oltorf,benwhite,1496614807,1496614838,31
oltorf,benwhite,1496590523,1496590670,147
oltorf,benwhite,1496609776,1496609909,133
oltorf,benwhite,1496595956,1496595987,31
oltorf,benwhite,1496575081,1496575215,134
oltorf,benwhite,1496600304,1496600451,147
oltorf,benwhite,1496573955,1496574104,149
oltorf,benwhite,1496609776,1496609842,66
oltorf,benwhite,1496593470,1496593475,5
oltorf,benwhite,1496574211,1496574278,67
oltorf,benwhite,1496580044,1496580117,73
oltorf,benwhite,1496612456,1496612596,140
oltorf,benwhite,1496597269,1496597404,135
oltorf,benwhite,1496587775,1496587873,98
oltorf,benwhite,1496573722,1496573820,98
oltorf,benwhite,1496603027,1496603027,0
oltorf,benwhite,1496587926,1496588065,139
oltorf,benwhite,1496602693,1496602814,121
oltorf,benwhite,1496570506,1496570538,32
oltorf,benwhite,1496600649,1496600701,52
oltorf,benwhite,1496569190,1496569203,13
oltorf,benwhite,1496578183,1496578256,73
oltorf,benwhite,1496617643,1496617697,54
oltorf,benwhite,1496575700,1496575874,174
oltorf,benwhite,1496614504,1496614538,34
oltorf,benwhite,1496578125,1496578209,84
oltorf,benwhite,1496587229,1496587359,130
oltorf,benwhite,1496580565,1496580623,58
oltorf,benwhite,1496586497,1496586531,34
oltorf,benwhite,1496591569,1496591666,97
oltorf,benwhite,1496602825,1496602857,32
oltorf,benwhite,1496616926,1496616975,49
oltorf,benwhite,1496606981,1496607079,98
oltorf,benwhite,1496616842,1496616939,97
oltorf,benwhite,1496608439,1496608581,142
oltorf,benwhite,1496607855,1496608026,171
oltorf,benwhite,1496595338,1496595484,146
oltorf,benwhite,1496596140,1496596223,83
oltorf,benwhite,1496601250,1496601354,104
oltorf,benwhite,1496614939,1496615018,79
oltorf,benwhite,1496578744,1496578889,145
oltorf,benwhite,1496579920,1496580041,121
oltorf,benwhite,1496583592,1496583627,35
oltorf,benwhite,1496597221,1496597406,185
oltorf,benwhite,1496575965,1496576011,46
oltorf,benwhite,1496594235,1496594406,171
oltorf,benwhite,1496615437,1496615550,113
oltorf,benwhite,1496600568,1496600602,34
oltorf,benwhite,1496586892,1496587081,189
oltorf,benwhite,1496604603,1496604697,94
oltorf,benwhite,1496582519,1496582544,25
oltorf,benwhite,1496572556,1496572626,70
oltorf,benwhite,1496615208,1496615309,101
oltorf,benwhite,1496586245,1496586268,23
oltorf,benwhite,1496575850,1496576028,178
oltorf,benwhite,1496584743,1496584785,42
oltorf,benwhite,1496585547,1496585653,106
oltorf,benwhite,1496590586,1496590595,9
oltorf,benwhite,1496574205,1496574211,6
oltorf,benwhite,1496570811,1496570955,144
oltorf,benwhite,1496572306,1496572378,72
oltorf,benwhite,1496617142,1496617177,35
oltorf,benwhite,1496581235,1496581331,96
oltorf,benwhite,1496606791,1496606943,152
oltorf,benwhite,1496589386,1496589412,26
oltorf,benwhite,1496578466,1496578593,127
oltorf,benwhite,1496614658,1496614690,32
oltorf,benwhite,1496581727,1496581735,8
oltorf,benwhite,1496604199,1496604317,118
oltorf,benwhite,1496586483,1496586532,49
oltorf,benwhite,1496584445,1496584448,3
oltorf,benwhite,1496588437,1496588546,109
oltorf,benwhite,1496615750,1496615765,15
oltorf,benwhite,1496574590,1496574677,87
oltorf,benwhite,1496603647,1496603651,4
oltorf,benwhite,1496572912,1496573108,196
oltorf,benwhite,1496614195,1496614356,161
oltorf,benwhite,1496569751,1496569805,54
oltorf,benwhite,1496595758,1496595792,34
oltorf,benwhite,1496579297,1496579337,40
oltorf,benwhite,1496575713,1496575856,143
oltorf,benwhite,1496580841,1496581004,163
oltorf,benwhite,1496576221,1496576270,49
oltorf,benwhite,1496590614,1496590749,135
oltorf,benwhite,1496617535,1496617702,167
oltorf,benwhite,1496591667,1496591751,84
oltorf,benwhite,1496600856,1496600865,9
oltorf,benwhite,1496604310,1496604446,136
oltorf,benwhite,1496618194,1496618321,127
oltorf,benwhite,1496601012,1496601069,57
oltorf,benwhite,1496597276,1496597431,155
oltorf,benwhite,1496573933,1496574108,175
oltorf,benwhite,1496609072,1496609102,30
oltorf,benwhite,1496597497,1496597517,20
oltorf,benwhite,1496583896,1496584043,147
oltorf,benwhite,1496617709,1496617895,186
oltorf,benwhite,1496584391,1496584517,126
oltorf,benwhite,1496610863,1496610877,14
oltorf,benwhite,1496599783,1496599981,198
oltorf,benwhite,1496572154,1496572198,44
oltorf,benwhite,1496585968,1496586028,60
oltorf,benwhite,1496616248,1496616285,37
oltorf,benwhite,1496570096,1496570236,140
oltorf,benwhite,1496604768,1496604961,193
oltorf,benwhite,1496599354,1496599405,51
oltorf,benwhite,1496608303,1496608331,28
oltorf,benwhite,1496591595,1496591669,74
oltorf,benwhite,1496614649,1496614780,131
oltorf,benwhite,1496572639,1496572695,56
oltorf,benwhite,1496595848,1496595946,98
oltorf,benwhite,1496607498,1496607585,87
oltorf,benwhite,1496589077,1496589218,141
oltorf,benwhite,1496570984,1496571016,32
oltorf,benwhite,1496606687,1496606791,104
oltorf,benwhite,1496571562,1496571756,194
oltorf,benwhite,1496578685,1496578840,155
oltorf,benwhite,1496617295,1496617420,125
oltorf,benwhite,1496588067,1496588136,69
oltorf,benwhite,1496581486,1496581599,113
oltorf,benwhite,1496594520,1496594641,121
oltorf,benwhite,1496599193,1496599319,126
oltorf,benwhite,1496616257,1496616436,179
oltorf,benwhite,1496606458,1496606541,83
oltorf,benwhite,1496590963,1496591120,157
oltorf,benwhite,1496608440,1496608550,110
oltorf,benwhite,1496599103,1496599214,111
oltorf,benwhite,1496609661,1496609671,10
oltorf,benwhite,1496582901,1496583091,190
oltorf,benwhite,1496612846,1496612896,50
oltorf,benwhite,1496606591,1496606655,64
oltorf,benwhite,1496613008,1496613046,38
oltorf,benwhite,1496594820,1496595002,182
oltorf,benwhite,1496602390,1496602444,54
oltorf,benwhite,1496618353,1496618519,166
oltorf,benwhite,1496594454,1496594542,88
oltorf,benwhite,1496604118,1496604283,165
oltorf,benwhite,1496574103,1496574106,3
oltorf,benwhite,1496590602,1496590664,62
oltorf,benwhite,1496604234,1496604249,15
oltorf,benwhite,1496597063,1496597144,81
oltorf,benwhite,1496594469,1496594641,172
oltorf,benwhite,1496609224,1496609358,134
oltorf,benwhite,1496577180,1496577323,143
oltorf,benwhite,1496580665,1496580668,3
oltorf,benwhite,1496568226,1496568317,91
oltorf,benwhite,1496597175,1496597352,177
oltorf,benwhite,1496610449,1496610643,194
oltorf,benwhite,1496612653,1496612716,63
oltorf,benwhite,1496614100,1496614113,13
oltorf,benwhite,1496598653,1496598783,130
oltorf,benwhite,1496616167,1496616332,165
oltorf,benwhite,1496570769,1496570944,175
oltorf,benwhite,1496596048,1496596056,8
oltorf,benwhite,1496588458,1496588555,97
oltorf,benwhite,1496600402,1496600499,97
oltorf,benwhite,1496608443,1496608622,179
oltorf,benwhite,1496580847,1496580953,106
oltorf,benwhite,1496570079,1496570248,169
oltorf,benwhite,1496573441,1496573519,78
oltorf,benwhite,1496599540,1496599579,39
oltorf,benwhite,1496579472,1496579478,6
oltorf,benwhite,1496609990,1496610101,111
oltorf,benwhite,1496597080,1496597154,74
oltorf,benwhite,1496600255,1496600280,25
oltorf,benwhite,1496604872,1496604935,63
oltorf,benwhite,1496578066,1496578256,190
oltorf,benwhite,1496572212,1496572352,140
oltorf,benwhite,1496591047,1496591186,139
oltorf,benwhite,1496616123,1496616216,93
oltorf,benwhite,1496608540,1496608666,126
oltorf,benwhite,1496613824,1496613881,57
oltorf,benwhite,1496568704,1496568775,71
oltorf,benwhite,1496584343,1496584515,172
oltorf,benwhite,1496574607,1496574642,35
oltorf,benwhite,1496592501,1496592514,13
oltorf,benwhite,1496588384,1496588451,67
oltorf,benwhite,1496574004,1496574025,21
oltorf,benwhite,1496596399,1496596422,23
oltorf,benwhite,1496594522,1496594635,113
oltorf,benwhite,1496591133,1496591170,37
oltorf,benwhite,1496604211,1496604273,62
oltorf,benwhite,1496569619,1496569730,111
oltorf,benwhite,1496581579,1496581597,18
oltorf,benwhite,1496601154,1496601315,161
oltorf,benwhite,1496574806,1496574898,92
oltorf,benwhite,1496607656,1496607732,76
oltorf,benwhite,1496592831,1496592845,14
oltorf,benwhite,1496592842,1496592962,120
oltorf,benwhite,1496609474,1496609478,4
oltorf,benwhite,1496604656,1496604728,72
oltorf,benwhite,1496584083,1496584121,38
oltorf,benwhite,1496581686,1496581820,134
oltorf,benwhite,1496607437,1496607581,144
oltorf,benwhite,1496617597,1496617688,91
oltorf,benwhite,1496574603,1496574625,22
oltorf,benwhite,1496590843,1496590909,66
oltorf,benwhite,1496598382,1496598382,0
oltorf,benwhite,1496569904,1496570059,155
oltorf,benwhite,1496616649,1496616773,124
oltorf,benwhite,1496595684,1496595692,8
oltorf,benwhite,1496603369,1496603504,135
oltorf,benwhite,1496577742,1496577898,156
oltorf,benwhite,1496592217,1496592254,37
oltorf,benwhite,1496588626,1496588689,63
oltorf,benwhite,1496578613,1496578811,198
oltorf,benwhite,1496588008,1496588017,9
oltorf,benwhite,1496602836,1496602873,37
oltorf,benwhite,1496609074,1496609234,160
oltorf,benwhite,1496568971,1496568978,7
oltorf,benwhite,1496616678,1496616877,199
oltorf,benwhite,1496615195,1496615294,99
oltorf,benwhite,1496586785,1496586932,147
oltorf,benwhite,1496618132,1496618229,97
oltorf,benwhite,1496594390,1496594549,159
oltorf,benwhite,1496570681,1496570711,30
oltorf,benwhite,1496577923,1496577942,19
oltorf,benwhite,1496577796,1496577948,152
oltorf,benwhite,1496568927,1496568988,61
oltorf,benwhite,1496597030,1496597227,197
oltorf,benwhite,1496589482,1496589590,108
oltorf,benwhite,1496608462,1496608628,166
oltorf,benwhite,1496596020,1496596169,149
oltorf,benwhite,1496612539,1496612706,167
oltorf,benwhite,1496585010,1496585187,177
oltorf,benwhite,1496584892,1496584902,10
oltorf,benwhite,1496595716,1496595899,183
oltorf,benwhite,1496589265,1496589303,38
oltorf,benwhite,1496570528,1496570530,2
oltorf,benwhite,1496580989,1496581139,150
oltorf,benwhite,1496592843,1496592849,6
oltorf,benwhite,1496571685,1496571841,156
oltorf,benwhite,1496591656,1496591708,52
oltorf,benwhite,1496613279,1496613424,145
oltorf,benwhite,1496568520,1496568540,20
oltorf,benwhite,1496568349,1496568387,38
oltorf,benwhite,1496579626,1496579710,84
oltorf,benwhite,1496611269,1496611442,173
oltorf,benwhite,1496615764,1496615963,199
oltorf,benwhite,1496589488,1496589550,62
oltorf,benwhite,1496579620,1496579811,191
oltorf,benwhite,1496582751,1496582809,58
oltorf,benwhite,1496590261,1496590307,46
oltorf,benwhite,1496579163,1496579344,181
oltorf,benwhite,1496574972,1496575038,66
oltorf,benwhite,1496597048,1496597191,143
oltorf,benwhite,1496579693,1496579813,120
oltorf,benwhite,1496574483,1496574586,103
oltorf,benwhite,1496605879,1496605970,91
oltorf,benwhite,1496579249,1496579420,171
oltorf,benwhite,1496615061,1496615247,186
oltorf,benwhite,1496574226,1496574271,45
oltorf,benwhite,1496581347,1496581516,169
oltorf,benwhite,1496583096,1496583290,194
oltorf,benwhite,1496595217,1496595273,56
oltorf,benwhite,1496598062,1496598091,29
oltorf,benwhite,1496584048,1496584190,142
oltorf,benwhite,1496569707,1496569718,11
oltorf,benwhite,1496587725,1496587813,88
oltorf,benwhite,1496601801,1496601873,72
oltorf,benwhite,1496612473,1496612593,120
oltorf,benwhite,1496603426,1496603551,125
oltorf,benwhite,1496591314,1496591413,99
oltorf,benwhite,1496586308,1496586395,87
oltorf,benwhite,1496610611,1496610803,192
oltorf,benwhite,1496612264,1496612335,71
oltorf,benwhite,1496590906,1496591091,185
oltorf,benwhite,1496610251,1496610286,35
oltorf,benwhite,1496595018,1496595170,152
oltorf,benwhite,1496611501,1496611674,173
oltorf,benwhite,1496600706,1496600812,106
oltorf,benwhite,1496574546,1496574583,37
oltorf,benwhite,1496592173,1496592272,99
oltorf,benwhite,1496587240,1496587384,144
oltorf,benwhite,1496587559,1496587670,111
oltorf,benwhite,1496592835,1496592839,4
oltorf,benwhite,1496586500,1496586595,95
oltorf,benwhite,1496568618,1496568687,69
oltorf,benwhite,1496599260,1496599438,178
oltorf,benwhite,1496604104,1496604218,114
oltorf,benwhite,1496577685,1496577746,61
oltorf,benwhite,1496570276,1496570345,69
oltorf,benwhite,1496610940,1496611040,100
oltorf,benwhite,1496606433,1496606593,160
oltorf,benwhite,1496583299,1496583321,22
oltorf,benwhite,1496568758,1496568875,117
oltorf,benwhite,1496600160,1496600238,78
oltorf,benwhite,1496606525,1496606628,103
oltorf,benwhite,1496610728,1496610740,12
oltorf,benwhite,1496578065,1496578116,51
oltorf,benwhite,1496593358,1496593455,97
oltorf,benwhite,1496575246,1496575358,112
oltorf,benwhite,1496607885,1496607948,63
oltorf,benwhite,1496591474,1496591605,131
oltorf,benwhite,1496581373,1496581563,190
oltorf,benwhite,1496580571,1496580633,62
oltorf,benwhite,1496591683,1496591878,195
oltorf,benwhite,1496609954,1496610081,127
oltorf,benwhite,1496573856,1496573970,114
oltorf,benwhite,1496609262,1496609344,82
oltorf,benwhite,1496593529,1496593577,48
oltorf,benwhite,1496608680,1496608683,3
oltorf,benwhite,1496617978,1496618123,145
oltorf,benwhite,1496600089,1496600099,10
oltorf,benwhite,1496612308,1496612449,141
oltorf,benwhite,1496570274,1496570337,63
oltorf,benwhite,1496618375,1496618456,81
oltorf,benwhite,1496593282,1496593296,14
oltorf,benwhite,1496572629,1496572686,57
oltorf,benwhite,1496581402,1496581480,78
oltorf,benwhite,1496600226,1496600315,89
oltorf,benwhite,1496571576,1496571746,170
oltorf,benwhite,1496584263,1496584267,4
oltorf,benwhite,1496605947,1496606033,86
oltorf,benwhite,1496606276,1496606392,116
oltorf,benwhite,1496599642,1496599803,161
oltorf,benwhite,1496604443,1496604595,152
oltorf,benwhite,1496604919,1496604957,38
oltorf,benwhite,1496599416,1496599576,160
oltorf,benwhite,1496571286,1496571420,134
oltorf,benwhite,1496618069,1496618262,193
oltorf,benwhite,1496607898,1496608035,137
oltorf,benwhite,1496609619,1496609758,139
oltorf,benwhite,1496604491,1496604548,57
oltorf,benwhite,1496577674,1496577845,171
oltorf,benwhite,1496590874,1496591058,184
oltorf,benwhite,1496607567,1496607637,70
oltorf,benwhite,1496568573,1496568755,182
oltorf,benwhite,1496583520,1496583672,152
oltorf,benwhite,1496596135,1496596289,154
oltorf,benwhite,1496582737,1496582805,68
oltorf,benwhite,1496610303,1496610494,191
oltorf,benwhite,1496572977,1496573042,65
oltorf,benwhite,1496617786,1496617947,161
oltorf,benwhite,1496601151,1496601326,175
oltorf,benwhite,1496576205,1496576282,77
oltorf,benwhite,1496612114,1496612270,156
oltorf,benwhite,1496584477,1496584629,152
oltorf,benwhite,1496569454,1496569603,149
oltorf,benwhite,1496585873,1496585895,22
oltorf,benwhite,1496607922,1496607949,27
oltorf,benwhite,1496589435,1496589507,72
oltorf,benwhite,1496593533,1496593655,122
oltorf,benwhite,1496575334,1496575409,75
oltorf,benwhite,1496573550,1496573659,109
oltorf,benwhite,1496607774,1496607864,90
oltorf,benwhite,1496608996,1496608998,2
oltorf,benwhite,1496609260,1496609287,27
oltorf,benwhite,1496611953,1496611958,5
oltorf,benwhite,1496610724,1496610905,181
oltorf,benwhite,1496585873,1496585894,21
oltorf,benwhite,1496572743,1496572873,130
oltorf,benwhite,1496572328,1496572481,153
oltorf,benwhite,1496615741,1496615795,54
oltorf,benwhite,1496577179,1496577227,48
oltorf,benwhite,1496590620,1496590661,41
oltorf,benwhite,1496581889,1496581975,86
oltorf,benwhite,1496618315,1496618411,96
oltorf,benwhite,1496569373,1496569418,45
oltorf,benwhite,1496582386,1496582423,37
oltorf,benwhite,1496589986,1496590153,167
oltorf,benwhite,1496583348,1496583356,8
oltorf,benwhite,1496609112,1496609184,72
oltorf,benwhite,1496608073,1496608173,100
oltorf,benwhite,1496601836,1496601911,75
oltorf,benwhite,1496570974,1496571139,165
oltorf,benwhite,1496576233,1496576407,174
oltorf,benwhite,1496575921,1496576025,104
oltorf,benwhite,1496590693,1496590695,2
oltorf,benwhite,1496603921,1496603962,41
oltorf,benwhite,1496583166,1496583217,51
oltorf,benwhite,1496595711,1496595904,193
oltorf,benwhite,1496618095,1496618112,17
oltorf,benwhite,1496598298,1496598411,113
oltorf,benwhite,1496597059,1496597086,27
oltorf,benwhite,1496584470,1496584522,52
oltorf,benwhite,1496595364,1496595561,197
oltorf,benwhite,1496615933,1496616120,187
oltorf,benwhite,1496616025,1496616186,161
oltorf,benwhite,1496591475,1496591527,52
oltorf,benwhite,1496596462,1496596607,145
oltorf,benwhite,1496571717,1496571726,9
oltorf,benwhite,1496611391,1496611568,177
oltorf,benwhite,1496584254,1496584305,51
oltorf,benwhite,1496617914,1496618086,172
oltorf,benwhite,1496589800,1496589917,117
oltorf,benwhite,1496610403,1496610523,120
oltorf,benwhite,1496605150,1496605260,110
oltorf,benwhite,1496617069,1496617130,61
oltorf,benwhite,1496578673,1496578792,119
oltorf,benwhite,1496588628,1496588730,102
oltorf,benwhite,1496594573,1496594587,14
oltorf,benwhite,1496600661,1496600663,2
oltorf,benwhite,1496570888,1496571029,141
oltorf,benwhite,1496600836,1496601005,169
oltorf,benwhite,1496588697,1496588877,180
oltorf,benwhite,1496580909,1496580960,51
oltorf,benwhite,1496569135,1496569236,101
oltorf,benwhite,1496574122,1496574131,9
oltorf,benwhite,1496601748,1496601942,194
oltorf,benwhite,1496586661,1496586694,33
oltorf,benwhite,1496573942,1496573951,9
oltorf,benwhite,1496586153,1496586230,77
oltorf,benwhite,1496607604,1496607696,92
oltorf,benwhite,1496577012,1496577156,144
oltorf,benwhite,1496575696,1496575848,152
oltorf,benwhite,1496595756,1496595826,70
oltorf,benwhite,1496612797,1496612974,177
oltorf,benwhite,1496602208,1496602238,30
oltorf,benwhite,1496574970,1496575055,85
oltorf,benwhite,1496598160,1496598354,194
oltorf,benwhite,1496615167,1496615332,165
oltorf,benwhite,1496610450,1496610454,4
oltorf,benwhite,1496583445,1496583622,177
oltorf,benwhite,1496589453,1496589467,14
oltorf,benwhite,1496611183,1496611252,69
oltorf,benwhite,1496610832,1496610868,36
oltorf,benwhite,1496617058,1496617135,77
oltorf,benwhite,1496583115,1496583171,56
oltorf,benwhite,1496569577,1496569585,8
oltorf,benwhite,1496603955,1496603995,40
oltorf,benwhite,1496568430,1496568506,76
oltorf,benwhite,1496575823,1496575947,124
oltorf,benwhite,1496616175,1496616355,180
oltorf,benwhite,1496590480,1496590481,1
oltorf,benwhite,1496578543,1496578678,135
oltorf,benwhite,1496591267,1496591296,29
oltorf,benwhite,1496604264,1496604421,157
oltorf,benwhite,1496596208,1496596312,104
oltorf,benwhite,1496615979,1496616138,159
oltorf,benwhite,1496609219,1496609258,39
oltorf,benwhite,1496608121,1496608167,46
oltorf,benwhite,1496583932,1496583951,19
oltorf,benwhite,1496587622,1496587673,51
oltorf,benwhite,1496605569,1496605706,137
oltorf,benwhite,1496590378,1496590518,140
oltorf,benwhite,1496599914,1496600012,98
oltorf,benwhite,1496590069,1496590120,51
oltorf,benwhite,1496568428,1496568561,133
oltorf,benwhite,1496597079,1496597126,47
oltorf,benwhite,1496576773,1496576815,42
oltorf,benwhite,1496613429,1496613544,115
oltorf,benwhite,1496569176,1496569193,17
oltorf,benwhite,1496585611,1496585685,74
oltorf,benwhite,1496591636,1496591688,52
oltorf,benwhite,1496604674,1496604715,41
oltorf,benwhite,1496599371,1496599418,47
oltorf,benwhite,1496581887,1496581929,42
oltorf,benwhite,1496602215,1496602288,73
oltorf,benwhite,1496571679,1496571825,146
oltorf,benwhite,1496603160,1496603270,110
oltorf,benwhite,1496592587,1496592749,162
oltorf,benwhite,1496615082,1496615191,109
oltorf,benwhite,1496608735,1496608854,119
oltorf,benwhite,1496593471,1496593568,97
oltorf,benwhite,1496612763,1496612777,14
oltorf,benwhite,1496617124,1496617170,46
oltorf,benwhite,1496604132,1496604281,149
oltorf,benwhite,1496571213,1496571372,159
oltorf,benwhite,1496583434,1496583520,86
oltorf,benwhite,1496612035,1496612139,104
oltorf,benwhite,1496578167,1496578242,75
oltorf,benwhite,1496610044,1496610175,131
oltorf,benwhite,1496612939,1496612987,48
oltorf,benwhite,1496606482,1496606505,23
oltorf,benwhite,1496611783,1496611824,41
oltorf,benwhite,1496569468,1496569569,101
oltorf,benwhite,1496614290,1496614351,61
oltorf,benwhite,1496583286,1496583451,165
oltorf,benwhite,1496612046,1496612218,172
oltorf,benwhite,1496596781,1496596966,185
oltorf,benwhite,1496612058,1496612209,151
oltorf,benwhite,1496604959,1496604976,17
oltorf,benwhite,1496617037,1496617213,176
oltorf,benwhite,1496591245,1496591391,146
oltorf,benwhite,1496599864,1496599874,10
oltorf,benwhite,1496609349,1496609349,0
oltorf,benwhite,1496618259,1496618276,17
oltorf,benwhite,1496568506,1496568555,49
oltorf,benwhite,1496602516,1496602540,24
oltorf,benwhite,1496576842,1496576985,143
oltorf,benwhite,1496601800,1496601804,4
oltorf,benwhite,1496575640,1496575715,75
oltorf,benwhite,1496596203,1496596309,106
oltorf,benwhite,1496609708,1496609872,164
oltorf,benwhite,1496587848,1496587879,31
oltorf,benwhite,1496573189,1496573296,107
oltorf,benwhite,1496616570,1496616603,33
oltorf,benwhite,1496588001,1496588101,100
oltorf,benwhite,1496573040,1496573187,147
oltorf,benwhite,1496581587,1496581725,138
oltorf,benwhite,1496612593,1496612711,118
oltorf,benwhite,1496615149,1496615268,119
oltorf,benwhite,1496576285,1496576476,191
oltorf,benwhite,1496589208,1496589327,119
oltorf,benwhite,1496606821,1496607014,193
oltorf,benwhite,1496611080,1496611123,43
oltorf,benwhite,1496596387,1496596426,39
oltorf,benwhite,1496604776,1496604836,60
oltorf,benwhite,1496577349,1496577378,29
oltorf,benwhite,1496579397,1496579526,129
oltorf,benwhite,1496608323,1496608434,111
oltorf,benwhite,1496618459,1496618493,34
oltorf,benwhite,1496584074,1496584166,92
oltorf,benwhite,1496591272,1496591320,48
oltorf,benwhite,1496570056,1496570057,1
oltorf,benwhite,1496606987,1496607073,86
oltorf,benwhite,1496576608,1496576639,31
oltorf,benwhite,1496595734,1496595832,98
oltorf,benwhite,1496610634,1496610641,7
oltorf,benwhite,1496587322,1496587437,115
oltorf,benwhite,1496588334,1496588388,54
oltorf,benwhite,1496599395,1496599573,178
oltorf,benwhite,1496575625,1496575807,182
oltorf,benwhite,1496593424,1496593559,135
oltorf,benwhite,1496600257,1496600258,1
oltorf,benwhite,1496577991,1496578142,151
oltorf,benwhite,1496614233,1496614300,67
oltorf,benwhite,1496606113,1496606118,5
oltorf,benwhite,1496584524,1496584622,98
oltorf,benwhite,1496582706,1496582723,17
oltorf,benwhite,1496595310,1496595357,47
oltorf,benwhite,1496579781,1496579788,7
oltorf,benwhite,1496574571,1496574580,9
oltorf,benwhite,1496581605,1496581761,156
oltorf,benwhite,1496593723,1496593882,159
oltorf,benwhite,1496614049,1496614134,85
oltorf,benwhite,1496590333,1496590401,68
oltorf,benwhite,1496602186,1496602368,182
oltorf,benwhite,1496612250,1496612447,197
oltorf,benwhite,1496605839,1496606003,164
oltorf,benwhite,1496585539,1496585666,127
oltorf,benwhite,1496592631,1496592748,117
oltorf,benwhite,1496582309,1496582493,184
oltorf,benwhite,1496573803,1496573943,140
oltorf,benwhite,1496591326,1496591338,12
oltorf,benwhite,1496579289,1496579403,114
oltorf,benwhite,1496590008,1496590029,21
oltorf,benwhite,1496610329,1496610350,21
oltorf,benwhite,1496612032,1496612064,32
oltorf,benwhite,1496611960,1496612033,73
oltorf,benwhite,1496613909,1496614053,144
oltorf,benwhite,1496615510,1496615646,136
oltorf,benwhite,1496600334,1496600531,197
oltorf,benwhite,1496612051,1496612152,101
oltorf,benwhite,1496590897,1496591086,189
oltorf,benwhite,1496615847,1496615913,66
oltorf,benwhite,1496578823,1496578980,157
oltorf,benwhite,1496599229,1496599376,147
oltorf,benwhite,1496605086,1496605212,126
oltorf,benwhite,1496572161,1496572203,42
oltorf,benwhite,1496591669,1496591822,153
oltorf,benwhite,1496593991,1496594012,21
oltorf,benwhite,1496605483,1496605483,0
oltorf,benwhite,1496600325,1496600469,144
oltorf,benwhite,1496609043,1496609231,188
oltorf,benwhite,1496594173,1496594341,168
oltorf,benwhite,1496608642,1496608642,0
oltorf,benwhite,1496568235,1496568243,8
oltorf,benwhite,1496576574,1496576606,32
oltorf,benwhite,1496615639,1496615820,181
oltorf,benwhite,1496593600,1496593619,19
oltorf,benwhite,1496588043,1496588073,30
oltorf,benwhite,1496611521,1496611661,140
oltorf,benwhite,1496617994,1496618038,44
oltorf,benwhite,1496570245,1496570386,141
oltorf,benwhite,1496595430,1496595487,57
oltorf,benwhite,1496575307,1496575387,80
oltorf,benwhite,1496579498,1496579518,20
oltorf,benwhite,1496568611,1496568792,181
oltorf,benwhite,1496596207,1496596355,148
oltorf,benwhite,1496600118,1496600156,38
oltorf,benwhite,1496568477,1496568497,20
oltorf,benwhite,1496597663,1496597770,107
oltorf,benwhite,1496613717,1496613908,191
oltorf,benwhite,1496602042,1496602240,198
oltorf,benwhite,1496617932,1496618087,155
oltorf,benwhite,1496571717,1496571821,104
oltorf,benwhite,1496577390,1496577476,86
oltorf,benwhite,1496617877,1496617964,87
oltorf,benwhite,1496597690,1496597849,159
oltorf,benwhite,1496573187,1496573307,120
oltorf,benwhite,1496594506,1496594524,18
oltorf,benwhite,1496582805,1496582863,58
oltorf,benwhite,1496616733,1496616857,124
oltorf,benwhite,1496573383,1496573397,14
oltorf,benwhite,1496611486,1496611501,15
oltorf,benwhite,1496573106,1496573202,96
oltorf,benwhite,1496596663,1496596713,50
oltorf,benwhite,1496584810,1496584900,90
oltorf,benwhite,1496618442,1496618625,183
oltorf,benwhite,1496616527,1496616634,107
oltorf,benwhite,1496574025,1496574126,101
oltorf,benwhite,1496578124,1496578277,153
oltorf,benwhite,1496605186,1496605284,98
oltorf,benwhite,1496603508,1496603628,120
oltorf,benwhite,1496618292,1496618329,37
oltorf,benwhite,1496568888,1496569041,153
oltorf,benwhite,1496609264,1496609346,82
oltorf,benwhite,1496593633,1496593788,155
oltorf,benwhite,1496569282,1496569345,63
oltorf,benwhite,1496606376,1496606380,4
oltorf,benwhite,1496604950,1496604973,23
oltorf,benwhite,1496615732,1496615859,127
oltorf,benwhite,1496601127,1496601185,58
oltorf,benwhite,1496571435,1496571448,13
oltorf,benwhite,1496592763,1496592957,194
oltorf,benwhite,1496597789,1496597898,109
oltorf,benwhite,1496585194,1496585197,3
oltorf,benwhite,1496574253,1496574350,97
oltorf,benwhite,1496601749,1496601904,155
oltorf,benwhite,1496602219,1496602260,41
oltorf,benwhite,1496618380,1496618492,112
oltorf,benwhite,1496577589,1496577750,161
oltorf,benwhite,1496610543,1496610640,97
oltorf,benwhite,1496577443,1496577506,63
oltorf,benwhite,1496580219,1496580247,28
oltorf,benwhite,1496616371,1496616437,66
oltorf,benwhite,1496590167,1496590230,63
oltorf,benwhite,1496580810,1496580852,42
oltorf,benwhite,1496574026,1496574036,10
oltorf,benwhite,1496569987,1496570039,52
oltorf,benwhite,1496586643,1496586824,181
oltorf,benwhite,1496598288,1496598392,104
oltorf,benwhite,1496576176,1496576336,160
oltorf,benwhite,1496594699,1496594784,85
oltorf,benwhite,1496616543,1496616607,64
oltorf,benwhite,1496617017,1496617028,11
oltorf,benwhite,1496587820,1496587840,20
oltorf,benwhite,1496576719,1496576892,173
oltorf,benwhite,1496605959,1496605972,13
oltorf,benwhite,1496612459,1496612647,188
oltorf,benwhite,1496585266,1496585376,110
oltorf,benwhite,1496600604,1496600779,175
oltorf,benwhite,1496592104,1496592205,101
oltorf,benwhite,1496569376,1496569437,61
oltorf,benwhite,1496591117,1496591240,123
oltorf,benwhite,1496584472,1496584520,48
oltorf,benwhite,1496590574,1496590762,188
oltorf,benwhite,1496607435,1496607536,101
oltorf,benwhite,1496580727,1496580911,184
oltorf,benwhite,1496613977,1496614170,193
oltorf,benwhite,1496598122,1496598211,89
oltorf,benwhite,1496617194,1496617271,77
oltorf,benwhite,1496588582,1496588652,70
oltorf,benwhite,1496573675,1496573694,19
oltorf,benwhite,1496601320,1496601447,127
oltorf,benwhite,1496596052,1496596195,143
oltorf,benwhite,1496595819,1496596007,188
oltorf,benwhite,1496597113,1496597271,158
oltorf,benwhite,1496613497,1496613567,70
oltorf,benwhite,1496582596,1496582623,27
oltorf,benwhite,1496614359,1496614418,59
oltorf,benwhite,1496602625,1496602775,150
oltorf,benwhite,1496616413,1496616588,175
oltorf,benwhite,1496581388,1496581462,74
oltorf,benwhite,1496584181,1496584325,144
oltorf,benwhite,1496597308,1496597481,173
oltorf,benwhite,1496607333,1496607359,26
oltorf,benwhite,1496579607,1496579608,1
oltorf,benwhite,1496586407,1496586579,172
oltorf,benwhite,1496584117,1496584199,82
oltorf,benwhite,1496603529,1496603576,47
oltorf,benwhite,1496604948,1496604956,8
oltorf,benwhite,1496569333,1496569435,102
oltorf,benwhite,1496616040,1496616121,81
oltorf,benwhite,1496575897,1496575959,62
oltorf,benwhite,1496577574,1496577639,65
oltorf,benwhite,1496579140,1496579201,61
oltorf,benwhite,1496603900,1496603918,18
oltorf,benwhite,1496610043,1496610155,112
oltorf,benwhite,1496582301,1496582354,53
oltorf,benwhite,1496611933,1496612105,172
oltorf,benwhite,1496609958,1496610068,110
oltorf,benwhite,1496593990,1496594122,132
oltorf,benwhite,1496616225,1496616391,166
oltorf,benwhite,1496602940,1496602990,50
oltorf,benwhite,1496616619,1496616699,80
oltorf,benwhite,1496586463,1496586600,137
oltorf,benwhite,1496583574,1496583624,50
oltorf,benwhite,1496592446,1496592635,189
oltorf,benwhite,1496585747,1496585901,154
oltorf,benwhite,1496597849,1496597937,88
oltorf,benwhite,1496571257,1496571307,50
oltorf,benwhite,1496588964,1496588965,1
oltorf,benwhite,1496614413,1496614607,194
oltorf,benwhite,1496585356,1496585451,95
oltorf,benwhite,1496616448,1496616468,20
oltorf,benwhite,1496597374,1496597571,197
oltorf,benwhite,1496618120,1496618216,96
oltorf,benwhite,1496605337,1496605342,5
oltorf,benwhite,1496606165,1496606221,56
oltorf,benwhite,1496571416,1496571472,56
oltorf,benwhite,1496596807,1496596840,33
oltorf,benwhite,1496609984,1496610086,102
oltorf,benwhite,1496605219,1496605347,128
oltorf,benwhite,1496571514,1496571532,18
oltorf,benwhite,1496570052,1496570152,100
oltorf,benwhite,1496615004,1496615159,155
oltorf,benwhite,1496568907,1496569060,153
oltorf,benwhite,1496575047,1496575121,74
oltorf,benwhite,1496585186,1496585228,42
oltorf,benwhite,1496610101,1496610172,71
oltorf,benwhite,1496594185,1496594239,54
oltorf,benwhite,1496600324,1496600417,93
oltorf,benwhite,1496569816,1496569835,19
oltorf,benwhite,1496573005,1496573048,43
oltorf,benwhite,1496613298,1496613453,155
oltorf,benwhite,1496617308,1496617431,123
oltorf,benwhite,1496594743,1496594786,43
oltorf,benwhite,1496589758,1496589947,189
oltorf,benwhite,1496610233,1496610271,38
oltorf,benwhite,1496568978,1496569009,31
oltorf,benwhite,1496598127,1496598277,150
oltorf,benwhite,1496609745,1496609799,54
oltorf,benwhite,1496600929,1496601013,84
oltorf,benwhite,1496572119,1496572270,151
oltorf,benwhite,1496614233,1496614396,163
oltorf,benwhite,1496613487,1496613661,174
oltorf,benwhite,1496604534,1496604714,180
oltorf,benwhite,1496608747,1496608795,48
oltorf,benwhite,1496609115,1496609221,106
oltorf,benwhite,1496617276,1496617431,155
oltorf,benwhite,1496591179,1496591295,116
oltorf,benwhite,1496606297,1496606491,194
oltorf,benwhite,1496572919,1496572959,40
oltorf,benwhite,1496573051,1496573243,192
oltorf,benwhite,1496599992,1496600014,22
oltorf,benwhite,1496589023,1496589156,133
oltorf,benwhite,1496611968,1496612072,104
oltorf,benwhite,1496585326,1496585341,15
oltorf,benwhite,1496610827,1496610902,75
oltorf,benwhite,1496610712,1496610753,41
oltorf,benwhite,1496590388,1496590495,107
oltorf,benwhite,1496588073,1496588191,118
oltorf,benwhite,1496578377,1496578462,85
oltorf,benwhite,1496580466,1496580501,35
oltorf,benwhite,1496575081,1496575160,79
oltorf,benwhite,1496573299,1496573366,67
oltorf,benwhite,1496585316,1496585444,128
oltorf,benwhite,1496614929,1496614984,55
oltorf,benwhite,1496589067,1496589121,54
oltorf,benwhite,1496574391,1496574570,179
oltorf,benwhite,1496577283,1496577480,197
oltorf,benwhite,1496580940,1496581002,62
oltorf,benwhite,1496600829,1496600970,141
oltorf,benwhite,1496608646,1496608656,10
oltorf,benwhite,1496582294,1496582357,63
oltorf,benwhite,1496617008,1496617079,71
oltorf,benwhite,1496602301,1496602420,119
oltorf,benwhite,1496571596,1496571644,48
oltorf,benwhite,1496611783,1496611961,178
oltorf,benwhite,1496593034,1496593143,109
oltorf,benwhite,1496578399,1496578484,85
oltorf,benwhite,1496569015,1496569062,47
oltorf,benwhite,1496618299,1496618364,65
oltorf,benwhite,1496594141,1496594293,152
oltorf,benwhite,1496609554,1496609674,120
oltorf,benwhite,1496618163,1496618360,197
oltorf,benwhite,1496609308,1496609362,54
oltorf,benwhite,1496609729,1496609816,87
oltorf,benwhite,1496576410,1496576511,101
oltorf,benwhite,1496601102,1496601156,54
oltorf,benwhite,1496573274,1496573299,25
oltorf,benwhite,1496575948,1496576024,76
oltorf,benwhite,1496595605,1496595618,13
oltorf,benwhite,1496618255,1496618453,198
oltorf,benwhite,1496579156,1496579309,153
oltorf,benwhite,1496591299,1496591369,70
oltorf,benwhite,1496615523,1496615675,152
oltorf,benwhite,1496586295,1496586420,125
oltorf,benwhite,1496580565,1496580595,30
oltorf,benwhite,1496568627,1496568683,56
oltorf,benwhite,1496607483,1496607563,80
oltorf,benwhite,1496600716,1496600896,180
oltorf,benwhite,1496614871,1496614904,33
oltorf,benwhite,1496601844,1496601949,105
oltorf,benwhite,1496603082,1496603166,84
oltorf,benwhite,1496590409,1496590574,165
oltorf,benwhite,1496609547,1496609550,3
oltorf,benwhite,1496578263,1496578278,15
oltorf,benwhite,1496615305,1496615382,77
oltorf,benwhite,1496609873,1496609880,7
oltorf,benwhite,1496612031,1496612090,59
oltorf,benwhite,1496593787,1496593843,56
oltorf,benwhite,1496587620,1496587725,105
oltorf,benwhite,1496613926,1496614055,129
oltorf,benwhite,1496607172,1496607271,99
oltorf,benwhite,1496612285,1496612336,51
oltorf,benwhite,1496582073,1496582219,146
oltorf,benwhite,1496580033,1496580203,170
oltorf,benwhite,1496588891,1496588898,7
oltorf,benwhite,1496595783,1496595895,112
oltorf,benwhite,1496585794,1496585928,134
oltorf,benwhite,1496602641,1496602738,97
oltorf,benwhite,1496568189,1496568359,170
oltorf,benwhite,1496578555,1496578726,171
oltorf,benwhite,1496606498,1496606626,128
oltorf,benwhite,1496589102,1496589130,28
oltorf,benwhite,1496594958,1496594958,0
oltorf,benwhite,1496590746,1496590895,149
oltorf,benwhite,1496588255,1496588417,162
oltorf,benwhite,1496609217,1496609271,54
oltorf,benwhite,1496615238,1496615238,0
oltorf,benwhite,1496602432,1496602589,157
oltorf,benwhite,1496578663,1496578843,180
oltorf,benwhite,1496591863,1496592016,153
oltorf,benwhite,1496610759,1496610915,156
oltorf,benwhite,1496609198,1496609358,160
oltorf,benwhite,1496587786,1496587830,44
oltorf,benwhite,1496610042,1496610045,3
oltorf,benwhite,1496572325,1496572397,72
oltorf,benwhite,1496592705,1496592748,43
oltorf,benwhite,1496578486,1496578604,118
oltorf,benwhite,1496577261,1496577269,8
oltorf,benwhite,1496568261,1496568383,122
oltorf,benwhite,1496584208,1496584258,50
oltorf,benwhite,1496585144,1496585326,182
oltorf,benwhite,1496610509,1496610621,112
oltorf,benwhite,1496605305,1496605454,149
oltorf,benwhite,1496605528,1496605598,70
oltorf,benwhite,1496610123,1496610240,117
oltorf,benwhite,1496595304,1496595438,134
oltorf,benwhite,1496610007,1496610039,32
oltorf,benwhite,1496599145,1496599220,75
oltorf,benwhite,1496611534,1496611568,34
oltorf,benwhite,1496599196,1496599336,140
oltorf,benwhite,1496581588,1496581597,9
oltorf,benwhite,1496590355,1496590423,68
oltorf,benwhite,1496598617,1496598755,138
oltorf,benwhite,1496595653,1496595689,36
oltorf,benwhite,1496614535,1496614664,129
oltorf,benwhite,1496604924,1496604982,58
oltorf,benwhite,1496602343,1496602523,180
oltorf,benwhite,1496570816,1496570875,59
oltorf,benwhite,1496589488,1496589669,181
oltorf,benwhite,1496616303,1496616327,24
oltorf,benwhite,1496615043,1496615055,12
oltorf,benwhite,1496604496,1496604504,8
oltorf,benwhite,1496585833,1496586014,181
oltorf,benwhite,1496580610,1496580649,39
oltorf,benwhite,1496598680,1496598849,169
oltorf,benwhite,1496582193,1496582278,85
oltorf,benwhite,1496582164,1496582285,121
oltorf,benwhite,1496609778,1496609952,174
oltorf,benwhite,1496587109,1496587146,37
oltorf,benwhite,1496572037,1496572045,8
oltorf,benwhite,1496581859,1496582041,182
oltorf,benwhite,1496588574,1496588663,89
oltorf,benwhite,1496610744,1496610771,27
oltorf,benwhite,1496581590,1496581651,61
oltorf,benwhite,1496599710,1496599711,1
oltorf,benwhite,1496584650,1496584785,135
oltorf,benwhite,1496574527,1496574595,68
oltorf,benwhite,1496617558,1496617729,171
oltorf,benwhite,1496588279,1496588433,154
oltorf,benwhite,1496594335,1496594475,140
oltorf,benwhite,1496581195,1496581308,113
oltorf,benwhite,1496606410,1496606459,49
oltorf,benwhite,1496586416,1496586501,85
oltorf,benwhite,1496586514,1496586688,174
oltorf,benwhite,1496599946,1496600144,198
oltorf,benwhite,1496609078,1496609117,39
oltorf,benwhite,1496586040,1496586058,18
oltorf,benwhite,1496606718,1496606752,34
oltorf,benwhite,1496610911,1496611064,153
oltorf,benwhite,1496577304,1496577443,139
oltorf,benwhite,1496602301,1496602417,116
oltorf,benwhite,1496570545,1496570742,197
oltorf,benwhite,1496613114,1496613190,76
oltorf,benwhite,1496606830,1496606883,53
oltorf,benwhite,1496568994,1496569143,149
oltorf,benwhite,1496597672,1496597776,104
oltorf,benwhite,1496593207,1496593285,78
oltorf,benwhite,1496605811,1496605857,46
oltorf,benwhite,1496607012,1496607144,132
oltorf,benwhite,1496591759,1496591943,184
oltorf,benwhite,1496568936,1496569036,100
oltorf,benwhite,1496598781,1496598913,132
oltorf,benwhite,1496606125,1496606252,127
oltorf,benwhite,1496617773,1496617942,169
oltorf,benwhite,1496612487,1496612546,59
oltorf,benwhite,1496585705,1496585739,34
oltorf,benwhite,1496595107,1496595296,189
oltorf,benwhite,1496600704,1496600712,8
oltorf,benwhite,1496578272,1496578356,84
oltorf,benwhite,1496584638,1496584685,47
oltorf,benwhite,1496581860,1496581876,16
oltorf,benwhite,1496584839,1496584992,153
oltorf,benwhite,1496576857,1496576947,90
oltorf,benwhite,1496582918,1496582953,35
oltorf,benwhite,1496581985,1496582117,132
oltorf,benwhite,1496614604,1496614789,185
oltorf,benwhite,1496609938,1496609976,38
oltorf,benwhite,1496595876,1496595962,86
oltorf,benwhite,1496588158,1496588240,82
oltorf,benwhite,1496571712,1496571906,194
oltorf,benwhite,1496573131,1496573309,178
oltorf,benwhite,1496611793,1496611809,16
oltorf,benwhite,1496600076,1496600202,126
oltorf,benwhite,1496591297,1496591387,90
oltorf,benwhite,1496579216,1496579353,137
